1 8
2 6
3 4
4 2
5 0
6 2
7 4
8 6
9 8
10 80
11 78
12 76
13 74
14 72
15 70
16 68
17 66
18 64
19 62
20 60
21 58
22 56
23 54
24 52
25 50
26 48
27 46
28 44
29 42
30 40
31 38
32 36
33 34
34 32
35 30
36 28
37 26
38 24
39 22
40 20
41 18
42 16
43 14
44 12
45 10
46 8
47 6
48 4
49 2
50 0
51 2
52 4
53 6
54 8
55 10
56 12
57 14
58 16
59 18
60 20
61 22
62 24
63 26
64 28
65 30
66 32
67 34
68 36
69 38
70 40
71 42
72 44
73 46
74 48
75 50
76 52
77 54
78 56
79 58
80 60
81 62
82 64
83 66
84 68
85 70
86 72
87 74
88 76
89 78
90 80
91 82
92 84
93 86
94 88
95 90
96 92
97 94
98 96
99 98
100 800
101 798
102 796
103 794
104 792
105 790
106 788
107 786
108 784
109 782
110 780
111 778
112 776
113 774
114 772
115 770
116 768
117 766
118 764
119 762
120 760
121 758
122 756
123 754
124 752
125 750
126 748
127 746
128 744
129 742
130 740
131 738
132 736
133 734
134 732
135 730
136 728
137 726
138 724
139 722
140 720
141 718
142 716
143 714
144 712
145 710
146 708
147 706
148 704
149 702
150 700
151 698
152 696
153 694
154 692
155 690
156 688
157 686
158 684
159 682
160 680
161 678
162 676
163 674
164 672
165 670
166 668
167 666
168 664
169 662
170 660
171 658
172 656
173 654
174 652
175 650
176 648
177 646
178 644
179 642
180 640
181 638
182 636
183 634
184 632
185 630
186 628
187 626
188 624
189 622
190 620
191 618
192 616
193 614
194 612
195 610
196 608
197 606
198 604
199 602
200 600
201 598
202 596
203 594
204 592
205 590
206 588
207 586
208 584
209 582
210 580
211 578
212 576
213 574
214 572
215 570
216 568
217 566
218 564
219 562
220 560
221 558
222 556
223 554
224 552
225 550
226 548
227 546
228 544
229 542
230 540
231 538
232 536
233 534
234 532
235 530
236 528
237 526
238 524
239 522
240 520
241 518
242 516
243 514
244 512
245 510
246 508
247 506
248 504
249 502
250 500
251 498
252 496
253 494
254 492
255 490
256 488
257 486
258 484
259 482
260 480
261 478
262 476
263 474
264 472
265 470
266 468
267 466
268 464
269 462
270 460
271 458
272 456
273 454
274 452
275 450
276 448
277 446
278 444
279 442
280 440
281 438
282 436
283 434
284 432
285 430
286 428
287 426
288 424
289 422
290 420
291 418
292 416
293 414
294 412
295 410
296 408
297 406
298 404
299 402
300 400
301 398
302 396
303 394
304 392
305 390
306 388
307 386
308 384
309 382
310 380
311 378
312 376
313 374
314 372
315 370
316 368
317 366
318 364
319 362
320 360
321 358
322 356
323 354
324 352
325 350
326 348
327 346
328 344
329 342
330 340
331 338
332 336
333 334
334 332
335 330
336 328
337 326
338 324
339 322
340 320
341 318
342 316
343 314
344 312
345 310
346 308
347 306
348 304
349 302
350 300
351 298
352 296
353 294
354 292
355 290
356 288
357 286
358 284
359 282
360 280
361 278
362 276
363 274
364 272
365 270
366 268
367 266
368 264
369 262
370 260
371 258
372 256
373 254
374 252
375 250
376 248
377 246
378 244
379 242
380 240
381 238
382 236
383 234
384 232
385 230
386 228
387 226
388 224
389 222
390 220
391 218
392 216
393 214
394 212
395 210
396 208
397 206
398 204
399 202
400 200
401 198
402 196
403 194
404 192
405 190
406 188
407 186
408 184
409 182
410 180
411 178
412 176
413 174
414 172
415 170
416 168
417 166
418 164
419 162
420 160
421 158
422 156
423 154
424 152
425 150
426 148
427 146
428 144
429 142
430 140
431 138
432 136
433 134
434 132
435 130
436 128
437 126
438 124
439 122
440 120
441 118
442 116
443 114
444 112
445 110
446 108
447 106
448 104
449 102
450 100
451 98
452 96
453 94
454 92
455 90
456 88
457 86
458 84
459 82
460 80
461 78
462 76
463 74
464 72
465 70
466 68
467 66
468 64
469 62
470 60
471 58
472 56
473 54
474 52
475 50
476 48
477 46
478 44
479 42
480 40
481 38
482 36
483 34
484 32
485 30
486 28
487 26
488 24
489 22
490 20
491 18
492 16
493 14
494 12
495 10
496 8
497 6
498 4
499 2
500 0
501 2
502 4
503 6
504 8
505 10
506 12
507 14
508 16
509 18
510 20
511 22
512 24
513 26
514 28
515 30
516 32
517 34
518 36
519 38
520 40
521 42
522 44
523 46
524 48
525 50
526 52
527 54
528 56
529 58
530 60
531 62
532 64
533 66
534 68
535 70
536 72
537 74
538 76
539 78
540 80
541 82
542 84
543 86
544 88
545 90
546 92
547 94
548 96
549 98
550 100
551 102
552 104
553 106
554 108
555 110
556 112
557 114
558 116
559 118
560 120
561 122
562 124
563 126
564 128
565 130
566 132
567 134
568 136
569 138
570 140
571 142
572 144
573 146
574 148
575 150
576 152
577 154
578 156
579 158
580 160
581 162
582 164
583 166
584 168
585 170
586 172
587 174
588 176
589 178
590 180
591 182
592 184
593 186
594 188
595 190
596 192
597 194
598 196
599 198
600 200
601 202
602 204
603 206
604 208
605 210
606 212
607 214
608 216
609 218
610 220
611 222
612 224
613 226
614 228
615 230
616 232
617 234
618 236
619 238
620 240
621 242
622 244
623 246
624 248
625 250
626 252
627 254
628 256
629 258
630 260
631 262
632 264
633 266
634 268
635 270
636 272
637 274
638 276
639 278
640 280
641 282
642 284
643 286
644 288
645 290
646 292
647 294
648 296
649 298
650 300
651 302
652 304
653 306
654 308
655 310
656 312
657 314
658 316
659 318
660 320
661 322
662 324
663 326
664 328
665 330
666 332
667 334
668 336
669 338
670 340
671 342
672 344
673 346
674 348
675 350
676 352
677 354
678 356
679 358
680 360
681 362
682 364
683 366
684 368
685 370
686 372
687 374
688 376
689 378
690 380
691 382
692 384
693 386
694 388
695 390
696 392
697 394
698 396
699 398
700 400
701 402
702 404
703 406
704 408
705 410
706 412
707 414
708 416
709 418
710 420
711 422
712 424
713 426
714 428
715 430
716 432
717 434
718 436
719 438
720 440
721 442
722 444
723 446
724 448
725 450
726 452
727 454
728 456
729 458
730 460
731 462
732 464
733 466
734 468
735 470
736 472
737 474
738 476
739 478
740 480
741 482
742 484
743 486
744 488
745 490
746 492
747 494
748 496
749 498
750 500
751 502
752 504
753 506
754 508
755 510
756 512
757 514
758 516
759 518
760 520
761 522
762 524
763 526
764 528
765 530
766 532
767 534
768 536
769 538
770 540
771 542
772 544
773 546
774 548
775 550
776 552
777 554
778 556
779 558
780 560
781 562
782 564
783 566
784 568
785 570
786 572
787 574
788 576
789 578
790 580
791 582
792 584
793 586
794 588
795 590
796 592
797 594
798 596
799 598
800 600
801 602
802 604
803 606
804 608
805 610
806 612
807 614
808 616
809 618
810 620
811 622
812 624
813 626
814 628
815 630
816 632
817 634
818 636
819 638
820 640
821 642
822 644
823 646
824 648
825 650
826 652
827 654
828 656
829 658
830 660
831 662
832 664
833 666
834 668
835 670
836 672
837 674
838 676
839 678
840 680
841 682
842 684
843 686
844 688
845 690
846 692
847 694
848 696
849 698
850 700
851 702
852 704
853 706
854 708
855 710
856 712
857 714
858 716
859 718
860 720
861 722
862 724
863 726
864 728
865 730
866 732
867 734
868 736
869 738
870 740
871 742
872 744
873 746
874 748
875 750
876 752
877 754
878 756
879 758
880 760
881 762
882 764
883 766
884 768
885 770
886 772
887 774
888 776
889 778
890 780
891 782
892 784
893 786
894 788
895 790
896 792
897 794
898 796
899 798
900 800
901 802
902 804
903 806
904 808
905 810
906 812
907 814
908 816
909 818
910 820
911 822
912 824
913 826
914 828
915 830
916 832
917 834
918 836
919 838
920 840
921 842
922 844
923 846
924 848
925 850
926 852
927 854
928 856
929 858
930 860
931 862
932 864
933 866
934 868
935 870
936 872
937 874
938 876
939 878
940 880
941 882
942 884
943 886
944 888
945 890
946 892
947 894
948 896
949 898
950 900
951 902
952 904
953 906
954 908
955 910
956 912
957 914
958 916
959 918
960 920
961 922
962 924
963 926
964 928
965 930
966 932
967 934
968 936
969 938
970 940
971 942
972 944
973 946
974 948
975 950
976 952
977 954
978 956
979 958
980 960
981 962
982 964
983 966
984 968
985 970
986 972
987 974
988 976
989 978
990 980
991 982
992 984
993 986
994 988
995 990
996 992
997 994
998 996
999 998
1000 8000
1001 7998
1002 7996
1003 7994
1004 7992
1005 7990
1006 7988
1007 7986
1008 7984
1009 7982
1010 7980
1011 7978
1012 7976
1013 7974
1014 7972
1015 7970
1016 7968
1017 7966
1018 7964
1019 7962
1020 7960
1021 7958
1022 7956
1023 7954
1024 7952
1025 7950
1026 7948
1027 7946
1028 7944
1029 7942
1030 7940
1031 7938
1032 7936
1033 7934
1034 7932
1035 7930
1036 7928
1037 7926
1038 7924
1039 7922
1040 7920
1041 7918
1042 7916
1043 7914
1044 7912
1045 7910
1046 7908
1047 7906
1048 7904
1049 7902
1050 7900
1051 7898
1052 7896
1053 7894
1054 7892
1055 7890
1056 7888
1057 7886
1058 7884
1059 7882
1060 7880
1061 7878
1062 7876
1063 7874
1064 7872
1065 7870
1066 7868
1067 7866
1068 7864
1069 7862
1070 7860
1071 7858
1072 7856
1073 7854
1074 7852
1075 7850
1076 7848
1077 7846
1078 7844
1079 7842
1080 7840
1081 7838
1082 7836
1083 7834
1084 7832
1085 7830
1086 7828
1087 7826
1088 7824
1089 7822
1090 7820
1091 7818
1092 7816
1093 7814
1094 7812
1095 7810
1096 7808
1097 7806
1098 7804
1099 7802
1100 7800
1101 7798
1102 7796
1103 7794
1104 7792
1105 7790
1106 7788
1107 7786
1108 7784
1109 7782
1110 7780
1111 7778
1112 7776
1113 7774
1114 7772
1115 7770
1116 7768
1117 7766
1118 7764
1119 7762
1120 7760
1121 7758
1122 7756
1123 7754
1124 7752
1125 7750
1126 7748
1127 7746
1128 7744
1129 7742
1130 7740
1131 7738
1132 7736
1133 7734
1134 7732
1135 7730
1136 7728
1137 7726
1138 7724
1139 7722
1140 7720
1141 7718
1142 7716
1143 7714
1144 7712
1145 7710
1146 7708
1147 7706
1148 7704
1149 7702
1150 7700
1151 7698
1152 7696
1153 7694
1154 7692
1155 7690
1156 7688
1157 7686
1158 7684
1159 7682
1160 7680
1161 7678
1162 7676
1163 7674
1164 7672
1165 7670
1166 7668
1167 7666
1168 7664
1169 7662
1170 7660
1171 7658
1172 7656
1173 7654
1174 7652
1175 7650
1176 7648
1177 7646
1178 7644
1179 7642
1180 7640
1181 7638
1182 7636
1183 7634
1184 7632
1185 7630
1186 7628
1187 7626
1188 7624
1189 7622
1190 7620
1191 7618
1192 7616
1193 7614
1194 7612
1195 7610
1196 7608
1197 7606
1198 7604
1199 7602
1200 7600
1201 7598
1202 7596
1203 7594
1204 7592
1205 7590
1206 7588
1207 7586
1208 7584
1209 7582
1210 7580
1211 7578
1212 7576
1213 7574
1214 7572
1215 7570
1216 7568
1217 7566
1218 7564
1219 7562
1220 7560
1221 7558
1222 7556
1223 7554
1224 7552
1225 7550
1226 7548
1227 7546
1228 7544
1229 7542
1230 7540
1231 7538
1232 7536
1233 7534
1234 7532
1235 7530
1236 7528
1237 7526
1238 7524
1239 7522
1240 7520
1241 7518
1242 7516
1243 7514
1244 7512
1245 7510
1246 7508
1247 7506
1248 7504
1249 7502
1250 7500
1251 7498
1252 7496
1253 7494
1254 7492
1255 7490
1256 7488
1257 7486
1258 7484
1259 7482
1260 7480
1261 7478
1262 7476
1263 7474
1264 7472
1265 7470
1266 7468
1267 7466
1268 7464
1269 7462
1270 7460
1271 7458
1272 7456
1273 7454
1274 7452
1275 7450
1276 7448
1277 7446
1278 7444
1279 7442
1280 7440
1281 7438
1282 7436
1283 7434
1284 7432
1285 7430
1286 7428
1287 7426
1288 7424
1289 7422
1290 7420
1291 7418
1292 7416
1293 7414
1294 7412
1295 7410
1296 7408
1297 7406
1298 7404
1299 7402
1300 7400
1301 7398
1302 7396
1303 7394
1304 7392
1305 7390
1306 7388
1307 7386
1308 7384
1309 7382
1310 7380
1311 7378
1312 7376
1313 7374
1314 7372
1315 7370
1316 7368
1317 7366
1318 7364
1319 7362
1320 7360
1321 7358
1322 7356
1323 7354
1324 7352
1325 7350
1326 7348
1327 7346
1328 7344
1329 7342
1330 7340
1331 7338
1332 7336
1333 7334
1334 7332
1335 7330
1336 7328
1337 7326
1338 7324
1339 7322
1340 7320
1341 7318
1342 7316
1343 7314
1344 7312
1345 7310
1346 7308
1347 7306
1348 7304
1349 7302
1350 7300
1351 7298
1352 7296
1353 7294
1354 7292
1355 7290
1356 7288
1357 7286
1358 7284
1359 7282
1360 7280
1361 7278
1362 7276
1363 7274
1364 7272
1365 7270
1366 7268
1367 7266
1368 7264
1369 7262
1370 7260
1371 7258
1372 7256
1373 7254
1374 7252
1375 7250
1376 7248
1377 7246
1378 7244
1379 7242
1380 7240
1381 7238
1382 7236
1383 7234
1384 7232
1385 7230
1386 7228
1387 7226
1388 7224
1389 7222
1390 7220
1391 7218
1392 7216
1393 7214
1394 7212
1395 7210
1396 7208
1397 7206
1398 7204
1399 7202
1400 7200
1401 7198
1402 7196
1403 7194
1404 7192
1405 7190
1406 7188
1407 7186
1408 7184
1409 7182
1410 7180
1411 7178
1412 7176
1413 7174
1414 7172
1415 7170
1416 7168
1417 7166
1418 7164
1419 7162
1420 7160
1421 7158
1422 7156
1423 7154
1424 7152
1425 7150
1426 7148
1427 7146
1428 7144
1429 7142
1430 7140
1431 7138
1432 7136
1433 7134
1434 7132
1435 7130
1436 7128
1437 7126
1438 7124
1439 7122
1440 7120
1441 7118
1442 7116
1443 7114
1444 7112
1445 7110
1446 7108
1447 7106
1448 7104
1449 7102
1450 7100
1451 7098
1452 7096
1453 7094
1454 7092
1455 7090
1456 7088
1457 7086
1458 7084
1459 7082
1460 7080
1461 7078
1462 7076
1463 7074
1464 7072
1465 7070
1466 7068
1467 7066
1468 7064
1469 7062
1470 7060
1471 7058
1472 7056
1473 7054
1474 7052
1475 7050
1476 7048
1477 7046
1478 7044
1479 7042
1480 7040
1481 7038
1482 7036
1483 7034
1484 7032
1485 7030
1486 7028
1487 7026
1488 7024
1489 7022
1490 7020
1491 7018
1492 7016
1493 7014
1494 7012
1495 7010
1496 7008
1497 7006
1498 7004
1499 7002
1500 7000
1501 6998
1502 6996
1503 6994
1504 6992
1505 6990
1506 6988
1507 6986
1508 6984
1509 6982
1510 6980
1511 6978
1512 6976
1513 6974
1514 6972
1515 6970
1516 6968
1517 6966
1518 6964
1519 6962
1520 6960
1521 6958
1522 6956
1523 6954
1524 6952
1525 6950
1526 6948
1527 6946
1528 6944
1529 6942
1530 6940
1531 6938
1532 6936
1533 6934
1534 6932
1535 6930
1536 6928
1537 6926
1538 6924
1539 6922
1540 6920
1541 6918
1542 6916
1543 6914
1544 6912
1545 6910
1546 6908
1547 6906
1548 6904
1549 6902
1550 6900
1551 6898
1552 6896
1553 6894
1554 6892
1555 6890
1556 6888
1557 6886
1558 6884
1559 6882
1560 6880
1561 6878
1562 6876
1563 6874
1564 6872
1565 6870
1566 6868
1567 6866
1568 6864
1569 6862
1570 6860
1571 6858
1572 6856
1573 6854
1574 6852
1575 6850
1576 6848
1577 6846
1578 6844
1579 6842
1580 6840
1581 6838
1582 6836
1583 6834
1584 6832
1585 6830
1586 6828
1587 6826
1588 6824
1589 6822
1590 6820
1591 6818
1592 6816
1593 6814
1594 6812
1595 6810
1596 6808
1597 6806
1598 6804
1599 6802
1600 6800
1601 6798
1602 6796
1603 6794
1604 6792
1605 6790
1606 6788
1607 6786
1608 6784
1609 6782
1610 6780
1611 6778
1612 6776
1613 6774
1614 6772
1615 6770
1616 6768
1617 6766
1618 6764
1619 6762
1620 6760
1621 6758
1622 6756
1623 6754
1624 6752
1625 6750
1626 6748
1627 6746
1628 6744
1629 6742
1630 6740
1631 6738
1632 6736
1633 6734
1634 6732
1635 6730
1636 6728
1637 6726
1638 6724
1639 6722
1640 6720
1641 6718
1642 6716
1643 6714
1644 6712
1645 6710
1646 6708
1647 6706
1648 6704
1649 6702
1650 6700
1651 6698
1652 6696
1653 6694
1654 6692
1655 6690
1656 6688
1657 6686
1658 6684
1659 6682
1660 6680
1661 6678
1662 6676
1663 6674
1664 6672
1665 6670
1666 6668
1667 6666
1668 6664
1669 6662
1670 6660
1671 6658
1672 6656
1673 6654
1674 6652
1675 6650
1676 6648
1677 6646
1678 6644
1679 6642
1680 6640
1681 6638
1682 6636
1683 6634
1684 6632
1685 6630
1686 6628
1687 6626
1688 6624
1689 6622
1690 6620
1691 6618
1692 6616
1693 6614
1694 6612
1695 6610
1696 6608
1697 6606
1698 6604
1699 6602
1700 6600
1701 6598
1702 6596
1703 6594
1704 6592
1705 6590
1706 6588
1707 6586
1708 6584
1709 6582
1710 6580
1711 6578
1712 6576
1713 6574
1714 6572
1715 6570
1716 6568
1717 6566
1718 6564
1719 6562
1720 6560
1721 6558
1722 6556
1723 6554
1724 6552
1725 6550
1726 6548
1727 6546
1728 6544
1729 6542
1730 6540
1731 6538
1732 6536
1733 6534
1734 6532
1735 6530
1736 6528
1737 6526
1738 6524
1739 6522
1740 6520
1741 6518
1742 6516
1743 6514
1744 6512
1745 6510
1746 6508
1747 6506
1748 6504
1749 6502
1750 6500
1751 6498
1752 6496
1753 6494
1754 6492
1755 6490
1756 6488
1757 6486
1758 6484
1759 6482
1760 6480
1761 6478
1762 6476
1763 6474
1764 6472
1765 6470
1766 6468
1767 6466
1768 6464
1769 6462
1770 6460
1771 6458
1772 6456
1773 6454
1774 6452
1775 6450
1776 6448
1777 6446
1778 6444
1779 6442
1780 6440
1781 6438
1782 6436
1783 6434
1784 6432
1785 6430
1786 6428
1787 6426
1788 6424
1789 6422
1790 6420
1791 6418
1792 6416
1793 6414
1794 6412
1795 6410
1796 6408
1797 6406
1798 6404
1799 6402
1800 6400
1801 6398
1802 6396
1803 6394
1804 6392
1805 6390
1806 6388
1807 6386
1808 6384
1809 6382
1810 6380
1811 6378
1812 6376
1813 6374
1814 6372
1815 6370
1816 6368
1817 6366
1818 6364
1819 6362
1820 6360
1821 6358
1822 6356
1823 6354
1824 6352
1825 6350
1826 6348
1827 6346
1828 6344
1829 6342
1830 6340
1831 6338
1832 6336
1833 6334
1834 6332
1835 6330
1836 6328
1837 6326
1838 6324
1839 6322
1840 6320
1841 6318
1842 6316
1843 6314
1844 6312
1845 6310
1846 6308
1847 6306
1848 6304
1849 6302
1850 6300
1851 6298
1852 6296
1853 6294
1854 6292
1855 6290
1856 6288
1857 6286
1858 6284
1859 6282
1860 6280
1861 6278
1862 6276
1863 6274
1864 6272
1865 6270
1866 6268
1867 6266
1868 6264
1869 6262
1870 6260
1871 6258
1872 6256
1873 6254
1874 6252
1875 6250
1876 6248
1877 6246
1878 6244
1879 6242
1880 6240
1881 6238
1882 6236
1883 6234
1884 6232
1885 6230
1886 6228
1887 6226
1888 6224
1889 6222
1890 6220
1891 6218
1892 6216
1893 6214
1894 6212
1895 6210
1896 6208
1897 6206
1898 6204
1899 6202
1900 6200
1901 6198
1902 6196
1903 6194
1904 6192
1905 6190
1906 6188
1907 6186
1908 6184
1909 6182
1910 6180
1911 6178
1912 6176
1913 6174
1914 6172
1915 6170
1916 6168
1917 6166
1918 6164
1919 6162
1920 6160
1921 6158
1922 6156
1923 6154
1924 6152
1925 6150
1926 6148
1927 6146
1928 6144
1929 6142
1930 6140
1931 6138
1932 6136
1933 6134
1934 6132
1935 6130
1936 6128
1937 6126
1938 6124
1939 6122
1940 6120
1941 6118
1942 6116
1943 6114
1944 6112
1945 6110
1946 6108
1947 6106
1948 6104
1949 6102
1950 6100
1951 6098
1952 6096
1953 6094
1954 6092
1955 6090
1956 6088
1957 6086
1958 6084
1959 6082
1960 6080
1961 6078
1962 6076
1963 6074
1964 6072
1965 6070
1966 6068
1967 6066
1968 6064
1969 6062
1970 6060
1971 6058
1972 6056
1973 6054
1974 6052
1975 6050
1976 6048
1977 6046
1978 6044
1979 6042
1980 6040
1981 6038
1982 6036
1983 6034
1984 6032
1985 6030
1986 6028
1987 6026
1988 6024
1989 6022
1990 6020
1991 6018
1992 6016
1993 6014
1994 6012
1995 6010
1996 6008
1997 6006
1998 6004
1999 6002
2000 6000
2001 5998
2002 5996
2003 5994
2004 5992
2005 5990
2006 5988
2007 5986
2008 5984
2009 5982
2010 5980
2011 5978
2012 5976
2013 5974
2014 5972
2015 5970
2016 5968
2017 5966
2018 5964
2019 5962
2020 5960
2021 5958
2022 5956
2023 5954
2024 5952
2025 5950
2026 5948
2027 5946
2028 5944
2029 5942
2030 5940
2031 5938
2032 5936
2033 5934
2034 5932
2035 5930
2036 5928
2037 5926
2038 5924
2039 5922
2040 5920
2041 5918
2042 5916
2043 5914
2044 5912
2045 5910
2046 5908
2047 5906
2048 5904
2049 5902
2050 5900
2051 5898
2052 5896
2053 5894
2054 5892
2055 5890
2056 5888
2057 5886
2058 5884
2059 5882
2060 5880
2061 5878
2062 5876
2063 5874
2064 5872
2065 5870
2066 5868
2067 5866
2068 5864
2069 5862
2070 5860
2071 5858
2072 5856
2073 5854
2074 5852
2075 5850
2076 5848
2077 5846
2078 5844
2079 5842
2080 5840
2081 5838
2082 5836
2083 5834
2084 5832
2085 5830
2086 5828
2087 5826
2088 5824
2089 5822
2090 5820
2091 5818
2092 5816
2093 5814
2094 5812
2095 5810
2096 5808
2097 5806
2098 5804
2099 5802
2100 5800
2101 5798
2102 5796
2103 5794
2104 5792
2105 5790
2106 5788
2107 5786
2108 5784
2109 5782
2110 5780
2111 5778
2112 5776
2113 5774
2114 5772
2115 5770
2116 5768
2117 5766
2118 5764
2119 5762
2120 5760
2121 5758
2122 5756
2123 5754
2124 5752
2125 5750
2126 5748
2127 5746
2128 5744
2129 5742
2130 5740
2131 5738
2132 5736
2133 5734
2134 5732
2135 5730
2136 5728
2137 5726
2138 5724
2139 5722
2140 5720
2141 5718
2142 5716
2143 5714
2144 5712
2145 5710
2146 5708
2147 5706
2148 5704
2149 5702
2150 5700
2151 5698
2152 5696
2153 5694
2154 5692
2155 5690
2156 5688
2157 5686
2158 5684
2159 5682
2160 5680
2161 5678
2162 5676
2163 5674
2164 5672
2165 5670
2166 5668
2167 5666
2168 5664
2169 5662
2170 5660
2171 5658
2172 5656
2173 5654
2174 5652
2175 5650
2176 5648
2177 5646
2178 5644
2179 5642
2180 5640
2181 5638
2182 5636
2183 5634
2184 5632
2185 5630
2186 5628
2187 5626
2188 5624
2189 5622
2190 5620
2191 5618
2192 5616
2193 5614
2194 5612
2195 5610
2196 5608
2197 5606
2198 5604
2199 5602
2200 5600
2201 5598
2202 5596
2203 5594
2204 5592
2205 5590
2206 5588
2207 5586
2208 5584
2209 5582
2210 5580
2211 5578
2212 5576
2213 5574
2214 5572
2215 5570
2216 5568
2217 5566
2218 5564
2219 5562
2220 5560
2221 5558
2222 5556
2223 5554
2224 5552
2225 5550
2226 5548
2227 5546
2228 5544
2229 5542
2230 5540
2231 5538
2232 5536
2233 5534
2234 5532
2235 5530
2236 5528
2237 5526
2238 5524
2239 5522
2240 5520
2241 5518
2242 5516
2243 5514
2244 5512
2245 5510
2246 5508
2247 5506
2248 5504
2249 5502
2250 5500
2251 5498
2252 5496
2253 5494
2254 5492
2255 5490
2256 5488
2257 5486
2258 5484
2259 5482
2260 5480
2261 5478
2262 5476
2263 5474
2264 5472
2265 5470
2266 5468
2267 5466
2268 5464
2269 5462
2270 5460
2271 5458
2272 5456
2273 5454
2274 5452
2275 5450
2276 5448
2277 5446
2278 5444
2279 5442
2280 5440
2281 5438
2282 5436
2283 5434
2284 5432
2285 5430
2286 5428
2287 5426
2288 5424
2289 5422
2290 5420
2291 5418
2292 5416
2293 5414
2294 5412
2295 5410
2296 5408
2297 5406
2298 5404
2299 5402
2300 5400
2301 5398
2302 5396
2303 5394
2304 5392
2305 5390
2306 5388
2307 5386
2308 5384
2309 5382
2310 5380
2311 5378
2312 5376
2313 5374
2314 5372
2315 5370
2316 5368
2317 5366
2318 5364
2319 5362
2320 5360
2321 5358
2322 5356
2323 5354
2324 5352
2325 5350
2326 5348
2327 5346
2328 5344
2329 5342
2330 5340
2331 5338
2332 5336
2333 5334
2334 5332
2335 5330
2336 5328
2337 5326
2338 5324
2339 5322
2340 5320
2341 5318
2342 5316
2343 5314
2344 5312
2345 5310
2346 5308
2347 5306
2348 5304
2349 5302
2350 5300
2351 5298
2352 5296
2353 5294
2354 5292
2355 5290
2356 5288
2357 5286
2358 5284
2359 5282
2360 5280
2361 5278
2362 5276
2363 5274
2364 5272
2365 5270
2366 5268
2367 5266
2368 5264
2369 5262
2370 5260
2371 5258
2372 5256
2373 5254
2374 5252
2375 5250
2376 5248
2377 5246
2378 5244
2379 5242
2380 5240
2381 5238
2382 5236
2383 5234
2384 5232
2385 5230
2386 5228
2387 5226
2388 5224
2389 5222
2390 5220
2391 5218
2392 5216
2393 5214
2394 5212
2395 5210
2396 5208
2397 5206
2398 5204
2399 5202
2400 5200
2401 5198
2402 5196
2403 5194
2404 5192
2405 5190
2406 5188
2407 5186
2408 5184
2409 5182
2410 5180
2411 5178
2412 5176
2413 5174
2414 5172
2415 5170
2416 5168
2417 5166
2418 5164
2419 5162
2420 5160
2421 5158
2422 5156
2423 5154
2424 5152
2425 5150
2426 5148
2427 5146
2428 5144
2429 5142
2430 5140
2431 5138
2432 5136
2433 5134
2434 5132
2435 5130
2436 5128
2437 5126
2438 5124
2439 5122
2440 5120
2441 5118
2442 5116
2443 5114
2444 5112
2445 5110
2446 5108
2447 5106
2448 5104
2449 5102
2450 5100
2451 5098
2452 5096
2453 5094
2454 5092
2455 5090
2456 5088
2457 5086
2458 5084
2459 5082
2460 5080
2461 5078
2462 5076
2463 5074
2464 5072
2465 5070
2466 5068
2467 5066
2468 5064
2469 5062
2470 5060
2471 5058
2472 5056
2473 5054
2474 5052
2475 5050
2476 5048
2477 5046
2478 5044
2479 5042
2480 5040
2481 5038
2482 5036
2483 5034
2484 5032
2485 5030
2486 5028
2487 5026
2488 5024
2489 5022
2490 5020
2491 5018
2492 5016
2493 5014
2494 5012
2495 5010
2496 5008
2497 5006
2498 5004
2499 5002
2500 5000
2501 4998
2502 4996
2503 4994
2504 4992
2505 4990
2506 4988
2507 4986
2508 4984
2509 4982
2510 4980
2511 4978
2512 4976
2513 4974
2514 4972
2515 4970
2516 4968
2517 4966
2518 4964
2519 4962
2520 4960
2521 4958
2522 4956
2523 4954
2524 4952
2525 4950
2526 4948
2527 4946
2528 4944
2529 4942
2530 4940
2531 4938
2532 4936
2533 4934
2534 4932
2535 4930
2536 4928
2537 4926
2538 4924
2539 4922
2540 4920
2541 4918
2542 4916
2543 4914
2544 4912
2545 4910
2546 4908
2547 4906
2548 4904
2549 4902
2550 4900
2551 4898
2552 4896
2553 4894
2554 4892
2555 4890
2556 4888
2557 4886
2558 4884
2559 4882
2560 4880
2561 4878
2562 4876
2563 4874
2564 4872
2565 4870
2566 4868
2567 4866
2568 4864
2569 4862
2570 4860
2571 4858
2572 4856
2573 4854
2574 4852
2575 4850
2576 4848
2577 4846
2578 4844
2579 4842
2580 4840
2581 4838
2582 4836
2583 4834
2584 4832
2585 4830
2586 4828
2587 4826
2588 4824
2589 4822
2590 4820
2591 4818
2592 4816
2593 4814
2594 4812
2595 4810
2596 4808
2597 4806
2598 4804
2599 4802
2600 4800
2601 4798
2602 4796
2603 4794
2604 4792
2605 4790
2606 4788
2607 4786
2608 4784
2609 4782
2610 4780
2611 4778
2612 4776
2613 4774
2614 4772
2615 4770
2616 4768
2617 4766
2618 4764
2619 4762
2620 4760
2621 4758
2622 4756
2623 4754
2624 4752
2625 4750
2626 4748
2627 4746
2628 4744
2629 4742
2630 4740
2631 4738
2632 4736
2633 4734
2634 4732
2635 4730
2636 4728
2637 4726
2638 4724
2639 4722
2640 4720
2641 4718
2642 4716
2643 4714
2644 4712
2645 4710
2646 4708
2647 4706
2648 4704
2649 4702
2650 4700
2651 4698
2652 4696
2653 4694
2654 4692
2655 4690
2656 4688
2657 4686
2658 4684
2659 4682
2660 4680
2661 4678
2662 4676
2663 4674
2664 4672
2665 4670
2666 4668
2667 4666
2668 4664
2669 4662
2670 4660
2671 4658
2672 4656
2673 4654
2674 4652
2675 4650
2676 4648
2677 4646
2678 4644
2679 4642
2680 4640
2681 4638
2682 4636
2683 4634
2684 4632
2685 4630
2686 4628
2687 4626
2688 4624
2689 4622
2690 4620
2691 4618
2692 4616
2693 4614
2694 4612
2695 4610
2696 4608
2697 4606
2698 4604
2699 4602
2700 4600
2701 4598
2702 4596
2703 4594
2704 4592
2705 4590
2706 4588
2707 4586
2708 4584
2709 4582
2710 4580
2711 4578
2712 4576
2713 4574
2714 4572
2715 4570
2716 4568
2717 4566
2718 4564
2719 4562
2720 4560
2721 4558
2722 4556
2723 4554
2724 4552
2725 4550
2726 4548
2727 4546
2728 4544
2729 4542
2730 4540
2731 4538
2732 4536
2733 4534
2734 4532
2735 4530
2736 4528
2737 4526
2738 4524
2739 4522
2740 4520
2741 4518
2742 4516
2743 4514
2744 4512
2745 4510
2746 4508
2747 4506
2748 4504
2749 4502
2750 4500
2751 4498
2752 4496
2753 4494
2754 4492
2755 4490
2756 4488
2757 4486
2758 4484
2759 4482
2760 4480
2761 4478
2762 4476
2763 4474
2764 4472
2765 4470
2766 4468
2767 4466
2768 4464
2769 4462
2770 4460
2771 4458
2772 4456
2773 4454
2774 4452
2775 4450
2776 4448
2777 4446
2778 4444
2779 4442
2780 4440
2781 4438
2782 4436
2783 4434
2784 4432
2785 4430
2786 4428
2787 4426
2788 4424
2789 4422
2790 4420
2791 4418
2792 4416
2793 4414
2794 4412
2795 4410
2796 4408
2797 4406
2798 4404
2799 4402
2800 4400
2801 4398
2802 4396
2803 4394
2804 4392
2805 4390
2806 4388
2807 4386
2808 4384
2809 4382
2810 4380
2811 4378
2812 4376
2813 4374
2814 4372
2815 4370
2816 4368
2817 4366
2818 4364
2819 4362
2820 4360
2821 4358
2822 4356
2823 4354
2824 4352
2825 4350
2826 4348
2827 4346
2828 4344
2829 4342
2830 4340
2831 4338
2832 4336
2833 4334
2834 4332
2835 4330
2836 4328
2837 4326
2838 4324
2839 4322
2840 4320
2841 4318
2842 4316
2843 4314
2844 4312
2845 4310
2846 4308
2847 4306
2848 4304
2849 4302
2850 4300
2851 4298
2852 4296
2853 4294
2854 4292
2855 4290
2856 4288
2857 4286
2858 4284
2859 4282
2860 4280
2861 4278
2862 4276
2863 4274
2864 4272
2865 4270
2866 4268
2867 4266
2868 4264
2869 4262
2870 4260
2871 4258
2872 4256
2873 4254
2874 4252
2875 4250
2876 4248
2877 4246
2878 4244
2879 4242
2880 4240
2881 4238
2882 4236
2883 4234
2884 4232
2885 4230
2886 4228
2887 4226
2888 4224
2889 4222
2890 4220
2891 4218
2892 4216
2893 4214
2894 4212
2895 4210
2896 4208
2897 4206
2898 4204
2899 4202
2900 4200
2901 4198
2902 4196
2903 4194
2904 4192
2905 4190
2906 4188
2907 4186
2908 4184
2909 4182
2910 4180
2911 4178
2912 4176
2913 4174
2914 4172
2915 4170
2916 4168
2917 4166
2918 4164
2919 4162
2920 4160
2921 4158
2922 4156
2923 4154
2924 4152
2925 4150
2926 4148
2927 4146
2928 4144
2929 4142
2930 4140
2931 4138
2932 4136
2933 4134
2934 4132
2935 4130
2936 4128
2937 4126
2938 4124
2939 4122
2940 4120
2941 4118
2942 4116
2943 4114
2944 4112
2945 4110
2946 4108
2947 4106
2948 4104
2949 4102
2950 4100
2951 4098
2952 4096
2953 4094
2954 4092
2955 4090
2956 4088
2957 4086
2958 4084
2959 4082
2960 4080
2961 4078
2962 4076
2963 4074
2964 4072
2965 4070
2966 4068
2967 4066
2968 4064
2969 4062
2970 4060
2971 4058
2972 4056
2973 4054
2974 4052
2975 4050
2976 4048
2977 4046
2978 4044
2979 4042
2980 4040
2981 4038
2982 4036
2983 4034
2984 4032
2985 4030
2986 4028
2987 4026
2988 4024
2989 4022
2990 4020
2991 4018
2992 4016
2993 4014
2994 4012
2995 4010
2996 4008
2997 4006
2998 4004
2999 4002
3000 4000
3001 3998
3002 3996
3003 3994
3004 3992
3005 3990
3006 3988
3007 3986
3008 3984
3009 3982
3010 3980
3011 3978
3012 3976
3013 3974
3014 3972
3015 3970
3016 3968
3017 3966
3018 3964
3019 3962
3020 3960
3021 3958
3022 3956
3023 3954
3024 3952
3025 3950
3026 3948
3027 3946
3028 3944
3029 3942
3030 3940
3031 3938
3032 3936
3033 3934
3034 3932
3035 3930
3036 3928
3037 3926
3038 3924
3039 3922
3040 3920
3041 3918
3042 3916
3043 3914
3044 3912
3045 3910
3046 3908
3047 3906
3048 3904
3049 3902
3050 3900
3051 3898
3052 3896
3053 3894
3054 3892
3055 3890
3056 3888
3057 3886
3058 3884
3059 3882
3060 3880
3061 3878
3062 3876
3063 3874
3064 3872
3065 3870
3066 3868
3067 3866
3068 3864
3069 3862
3070 3860
3071 3858
3072 3856
3073 3854
3074 3852
3075 3850
3076 3848
3077 3846
3078 3844
3079 3842
3080 3840
3081 3838
3082 3836
3083 3834
3084 3832
3085 3830
3086 3828
3087 3826
3088 3824
3089 3822
3090 3820
3091 3818
3092 3816
3093 3814
3094 3812
3095 3810
3096 3808
3097 3806
3098 3804
3099 3802
3100 3800
3101 3798
3102 3796
3103 3794
3104 3792
3105 3790
3106 3788
3107 3786
3108 3784
3109 3782
3110 3780
3111 3778
3112 3776
3113 3774
3114 3772
3115 3770
3116 3768
3117 3766
3118 3764
3119 3762
3120 3760
3121 3758
3122 3756
3123 3754
3124 3752
3125 3750
3126 3748
3127 3746
3128 3744
3129 3742
3130 3740
3131 3738
3132 3736
3133 3734
3134 3732
3135 3730
3136 3728
3137 3726
3138 3724
3139 3722
3140 3720
3141 3718
3142 3716
3143 3714
3144 3712
3145 3710
3146 3708
3147 3706
3148 3704
3149 3702
3150 3700
3151 3698
3152 3696
3153 3694
3154 3692
3155 3690
3156 3688
3157 3686
3158 3684
3159 3682
3160 3680
3161 3678
3162 3676
3163 3674
3164 3672
3165 3670
3166 3668
3167 3666
3168 3664
3169 3662
3170 3660
3171 3658
3172 3656
3173 3654
3174 3652
3175 3650
3176 3648
3177 3646
3178 3644
3179 3642
3180 3640
3181 3638
3182 3636
3183 3634
3184 3632
3185 3630
3186 3628
3187 3626
3188 3624
3189 3622
3190 3620
3191 3618
3192 3616
3193 3614
3194 3612
3195 3610
3196 3608
3197 3606
3198 3604
3199 3602
3200 3600
3201 3598
3202 3596
3203 3594
3204 3592
3205 3590
3206 3588
3207 3586
3208 3584
3209 3582
3210 3580
3211 3578
3212 3576
3213 3574
3214 3572
3215 3570
3216 3568
3217 3566
3218 3564
3219 3562
3220 3560
3221 3558
3222 3556
3223 3554
3224 3552
3225 3550
3226 3548
3227 3546
3228 3544
3229 3542
3230 3540
3231 3538
3232 3536
3233 3534
3234 3532
3235 3530
3236 3528
3237 3526
3238 3524
3239 3522
3240 3520
3241 3518
3242 3516
3243 3514
3244 3512
3245 3510
3246 3508
3247 3506
3248 3504
3249 3502
3250 3500
3251 3498
3252 3496
3253 3494
3254 3492
3255 3490
3256 3488
3257 3486
3258 3484
3259 3482
3260 3480
3261 3478
3262 3476
3263 3474
3264 3472
3265 3470
3266 3468
3267 3466
3268 3464
3269 3462
3270 3460
3271 3458
3272 3456
3273 3454
3274 3452
3275 3450
3276 3448
3277 3446
3278 3444
3279 3442
3280 3440
3281 3438
3282 3436
3283 3434
3284 3432
3285 3430
3286 3428
3287 3426
3288 3424
3289 3422
3290 3420
3291 3418
3292 3416
3293 3414
3294 3412
3295 3410
3296 3408
3297 3406
3298 3404
3299 3402
3300 3400
3301 3398
3302 3396
3303 3394
3304 3392
3305 3390
3306 3388
3307 3386
3308 3384
3309 3382
3310 3380
3311 3378
3312 3376
3313 3374
3314 3372
3315 3370
3316 3368
3317 3366
3318 3364
3319 3362
3320 3360
3321 3358
3322 3356
3323 3354
3324 3352
3325 3350
3326 3348
3327 3346
3328 3344
3329 3342
3330 3340
3331 3338
3332 3336
3333 3334
3334 3332
3335 3330
3336 3328
3337 3326
3338 3324
3339 3322
3340 3320
3341 3318
3342 3316
3343 3314
3344 3312
3345 3310
3346 3308
3347 3306
3348 3304
3349 3302
3350 3300
3351 3298
3352 3296
3353 3294
3354 3292
3355 3290
3356 3288
3357 3286
3358 3284
3359 3282
3360 3280
3361 3278
3362 3276
3363 3274
3364 3272
3365 3270
3366 3268
3367 3266
3368 3264
3369 3262
3370 3260
3371 3258
3372 3256
3373 3254
3374 3252
3375 3250
3376 3248
3377 3246
3378 3244
3379 3242
3380 3240
3381 3238
3382 3236
3383 3234
3384 3232
3385 3230
3386 3228
3387 3226
3388 3224
3389 3222
3390 3220
3391 3218
3392 3216
3393 3214
3394 3212
3395 3210
3396 3208
3397 3206
3398 3204
3399 3202
3400 3200
3401 3198
3402 3196
3403 3194
3404 3192
3405 3190
3406 3188
3407 3186
3408 3184
3409 3182
3410 3180
3411 3178
3412 3176
3413 3174
3414 3172
3415 3170
3416 3168
3417 3166
3418 3164
3419 3162
3420 3160
3421 3158
3422 3156
3423 3154
3424 3152
3425 3150
3426 3148
3427 3146
3428 3144
3429 3142
3430 3140
3431 3138
3432 3136
3433 3134
3434 3132
3435 3130
3436 3128
3437 3126
3438 3124
3439 3122
3440 3120
3441 3118
3442 3116
3443 3114
3444 3112
3445 3110
3446 3108
3447 3106
3448 3104
3449 3102
3450 3100
3451 3098
3452 3096
3453 3094
3454 3092
3455 3090
3456 3088
3457 3086
3458 3084
3459 3082
3460 3080
3461 3078
3462 3076
3463 3074
3464 3072
3465 3070
3466 3068
3467 3066
3468 3064
3469 3062
3470 3060
3471 3058
3472 3056
3473 3054
3474 3052
3475 3050
3476 3048
3477 3046
3478 3044
3479 3042
3480 3040
3481 3038
3482 3036
3483 3034
3484 3032
3485 3030
3486 3028
3487 3026
3488 3024
3489 3022
3490 3020
3491 3018
3492 3016
3493 3014
3494 3012
3495 3010
3496 3008
3497 3006
3498 3004
3499 3002
3500 3000
3501 2998
3502 2996
3503 2994
3504 2992
3505 2990
3506 2988
3507 2986
3508 2984
3509 2982
3510 2980
3511 2978
3512 2976
3513 2974
3514 2972
3515 2970
3516 2968
3517 2966
3518 2964
3519 2962
3520 2960
3521 2958
3522 2956
3523 2954
3524 2952
3525 2950
3526 2948
3527 2946
3528 2944
3529 2942
3530 2940
3531 2938
3532 2936
3533 2934
3534 2932
3535 2930
3536 2928
3537 2926
3538 2924
3539 2922
3540 2920
3541 2918
3542 2916
3543 2914
3544 2912
3545 2910
3546 2908
3547 2906
3548 2904
3549 2902
3550 2900
3551 2898
3552 2896
3553 2894
3554 2892
3555 2890
3556 2888
3557 2886
3558 2884
3559 2882
3560 2880
3561 2878
3562 2876
3563 2874
3564 2872
3565 2870
3566 2868
3567 2866
3568 2864
3569 2862
3570 2860
3571 2858
3572 2856
3573 2854
3574 2852
3575 2850
3576 2848
3577 2846
3578 2844
3579 2842
3580 2840
3581 2838
3582 2836
3583 2834
3584 2832
3585 2830
3586 2828
3587 2826
3588 2824
3589 2822
3590 2820
3591 2818
3592 2816
3593 2814
3594 2812
3595 2810
3596 2808
3597 2806
3598 2804
3599 2802
3600 2800
3601 2798
3602 2796
3603 2794
3604 2792
3605 2790
3606 2788
3607 2786
3608 2784
3609 2782
3610 2780
3611 2778
3612 2776
3613 2774
3614 2772
3615 2770
3616 2768
3617 2766
3618 2764
3619 2762
3620 2760
3621 2758
3622 2756
3623 2754
3624 2752
3625 2750
3626 2748
3627 2746
3628 2744
3629 2742
3630 2740
3631 2738
3632 2736
3633 2734
3634 2732
3635 2730
3636 2728
3637 2726
3638 2724
3639 2722
3640 2720
3641 2718
3642 2716
3643 2714
3644 2712
3645 2710
3646 2708
3647 2706
3648 2704
3649 2702
3650 2700
3651 2698
3652 2696
3653 2694
3654 2692
3655 2690
3656 2688
3657 2686
3658 2684
3659 2682
3660 2680
3661 2678
3662 2676
3663 2674
3664 2672
3665 2670
3666 2668
3667 2666
3668 2664
3669 2662
3670 2660
3671 2658
3672 2656
3673 2654
3674 2652
3675 2650
3676 2648
3677 2646
3678 2644
3679 2642
3680 2640
3681 2638
3682 2636
3683 2634
3684 2632
3685 2630
3686 2628
3687 2626
3688 2624
3689 2622
3690 2620
3691 2618
3692 2616
3693 2614
3694 2612
3695 2610
3696 2608
3697 2606
3698 2604
3699 2602
3700 2600
3701 2598
3702 2596
3703 2594
3704 2592
3705 2590
3706 2588
3707 2586
3708 2584
3709 2582
3710 2580
3711 2578
3712 2576
3713 2574
3714 2572
3715 2570
3716 2568
3717 2566
3718 2564
3719 2562
3720 2560
3721 2558
3722 2556
3723 2554
3724 2552
3725 2550
3726 2548
3727 2546
3728 2544
3729 2542
3730 2540
3731 2538
3732 2536
3733 2534
3734 2532
3735 2530
3736 2528
3737 2526
3738 2524
3739 2522
3740 2520
3741 2518
3742 2516
3743 2514
3744 2512
3745 2510
3746 2508
3747 2506
3748 2504
3749 2502
3750 2500
3751 2498
3752 2496
3753 2494
3754 2492
3755 2490
3756 2488
3757 2486
3758 2484
3759 2482
3760 2480
3761 2478
3762 2476
3763 2474
3764 2472
3765 2470
3766 2468
3767 2466
3768 2464
3769 2462
3770 2460
3771 2458
3772 2456
3773 2454
3774 2452
3775 2450
3776 2448
3777 2446
3778 2444
3779 2442
3780 2440
3781 2438
3782 2436
3783 2434
3784 2432
3785 2430
3786 2428
3787 2426
3788 2424
3789 2422
3790 2420
3791 2418
3792 2416
3793 2414
3794 2412
3795 2410
3796 2408
3797 2406
3798 2404
3799 2402
3800 2400
3801 2398
3802 2396
3803 2394
3804 2392
3805 2390
3806 2388
3807 2386
3808 2384
3809 2382
3810 2380
3811 2378
3812 2376
3813 2374
3814 2372
3815 2370
3816 2368
3817 2366
3818 2364
3819 2362
3820 2360
3821 2358
3822 2356
3823 2354
3824 2352
3825 2350
3826 2348
3827 2346
3828 2344
3829 2342
3830 2340
3831 2338
3832 2336
3833 2334
3834 2332
3835 2330
3836 2328
3837 2326
3838 2324
3839 2322
3840 2320
3841 2318
3842 2316
3843 2314
3844 2312
3845 2310
3846 2308
3847 2306
3848 2304
3849 2302
3850 2300
3851 2298
3852 2296
3853 2294
3854 2292
3855 2290
3856 2288
3857 2286
3858 2284
3859 2282
3860 2280
3861 2278
3862 2276
3863 2274
3864 2272
3865 2270
3866 2268
3867 2266
3868 2264
3869 2262
3870 2260
3871 2258
3872 2256
3873 2254
3874 2252
3875 2250
3876 2248
3877 2246
3878 2244
3879 2242
3880 2240
3881 2238
3882 2236
3883 2234
3884 2232
3885 2230
3886 2228
3887 2226
3888 2224
3889 2222
3890 2220
3891 2218
3892 2216
3893 2214
3894 2212
3895 2210
3896 2208
3897 2206
3898 2204
3899 2202
3900 2200
3901 2198
3902 2196
3903 2194
3904 2192
3905 2190
3906 2188
3907 2186
3908 2184
3909 2182
3910 2180
3911 2178
3912 2176
3913 2174
3914 2172
3915 2170
3916 2168
3917 2166
3918 2164
3919 2162
3920 2160
3921 2158
3922 2156
3923 2154
3924 2152
3925 2150
3926 2148
3927 2146
3928 2144
3929 2142
3930 2140
3931 2138
3932 2136
3933 2134
3934 2132
3935 2130
3936 2128
3937 2126
3938 2124
3939 2122
3940 2120
3941 2118
3942 2116
3943 2114
3944 2112
3945 2110
3946 2108
3947 2106
3948 2104
3949 2102
3950 2100
3951 2098
3952 2096
3953 2094
3954 2092
3955 2090
3956 2088
3957 2086
3958 2084
3959 2082
3960 2080
3961 2078
3962 2076
3963 2074
3964 2072
3965 2070
3966 2068
3967 2066
3968 2064
3969 2062
3970 2060
3971 2058
3972 2056
3973 2054
3974 2052
3975 2050
3976 2048
3977 2046
3978 2044
3979 2042
3980 2040
3981 2038
3982 2036
3983 2034
3984 2032
3985 2030
3986 2028
3987 2026
3988 2024
3989 2022
3990 2020
3991 2018
3992 2016
3993 2014
3994 2012
3995 2010
3996 2008
3997 2006
3998 2004
3999 2002
4000 2000
4001 1998
4002 1996
4003 1994
4004 1992
4005 1990
4006 1988
4007 1986
4008 1984
4009 1982
4010 1980
4011 1978
4012 1976
4013 1974
4014 1972
4015 1970
4016 1968
4017 1966
4018 1964
4019 1962
4020 1960
4021 1958
4022 1956
4023 1954
4024 1952
4025 1950
4026 1948
4027 1946
4028 1944
4029 1942
4030 1940
4031 1938
4032 1936
4033 1934
4034 1932
4035 1930
4036 1928
4037 1926
4038 1924
4039 1922
4040 1920
4041 1918
4042 1916
4043 1914
4044 1912
4045 1910
4046 1908
4047 1906
4048 1904
4049 1902
4050 1900
4051 1898
4052 1896
4053 1894
4054 1892
4055 1890
4056 1888
4057 1886
4058 1884
4059 1882
4060 1880
4061 1878
4062 1876
4063 1874
4064 1872
4065 1870
4066 1868
4067 1866
4068 1864
4069 1862
4070 1860
4071 1858
4072 1856
4073 1854
4074 1852
4075 1850
4076 1848
4077 1846
4078 1844
4079 1842
4080 1840
4081 1838
4082 1836
4083 1834
4084 1832
4085 1830
4086 1828
4087 1826
4088 1824
4089 1822
4090 1820
4091 1818
4092 1816
4093 1814
4094 1812
4095 1810
4096 1808
4097 1806
4098 1804
4099 1802
4100 1800
4101 1798
4102 1796
4103 1794
4104 1792
4105 1790
4106 1788
4107 1786
4108 1784
4109 1782
4110 1780
4111 1778
4112 1776
4113 1774
4114 1772
4115 1770
4116 1768
4117 1766
4118 1764
4119 1762
4120 1760
4121 1758
4122 1756
4123 1754
4124 1752
4125 1750
4126 1748
4127 1746
4128 1744
4129 1742
4130 1740
4131 1738
4132 1736
4133 1734
4134 1732
4135 1730
4136 1728
4137 1726
4138 1724
4139 1722
4140 1720
4141 1718
4142 1716
4143 1714
4144 1712
4145 1710
4146 1708
4147 1706
4148 1704
4149 1702
4150 1700
4151 1698
4152 1696
4153 1694
4154 1692
4155 1690
4156 1688
4157 1686
4158 1684
4159 1682
4160 1680
4161 1678
4162 1676
4163 1674
4164 1672
4165 1670
4166 1668
4167 1666
4168 1664
4169 1662
4170 1660
4171 1658
4172 1656
4173 1654
4174 1652
4175 1650
4176 1648
4177 1646
4178 1644
4179 1642
4180 1640
4181 1638
4182 1636
4183 1634
4184 1632
4185 1630
4186 1628
4187 1626
4188 1624
4189 1622
4190 1620
4191 1618
4192 1616
4193 1614
4194 1612
4195 1610
4196 1608
4197 1606
4198 1604
4199 1602
4200 1600
4201 1598
4202 1596
4203 1594
4204 1592
4205 1590
4206 1588
4207 1586
4208 1584
4209 1582
4210 1580
4211 1578
4212 1576
4213 1574
4214 1572
4215 1570
4216 1568
4217 1566
4218 1564
4219 1562
4220 1560
4221 1558
4222 1556
4223 1554
4224 1552
4225 1550
4226 1548
4227 1546
4228 1544
4229 1542
4230 1540
4231 1538
4232 1536
4233 1534
4234 1532
4235 1530
4236 1528
4237 1526
4238 1524
4239 1522
4240 1520
4241 1518
4242 1516
4243 1514
4244 1512
4245 1510
4246 1508
4247 1506
4248 1504
4249 1502
4250 1500
4251 1498
4252 1496
4253 1494
4254 1492
4255 1490
4256 1488
4257 1486
4258 1484
4259 1482
4260 1480
4261 1478
4262 1476
4263 1474
4264 1472
4265 1470
4266 1468
4267 1466
4268 1464
4269 1462
4270 1460
4271 1458
4272 1456
4273 1454
4274 1452
4275 1450
4276 1448
4277 1446
4278 1444
4279 1442
4280 1440
4281 1438
4282 1436
4283 1434
4284 1432
4285 1430
4286 1428
4287 1426
4288 1424
4289 1422
4290 1420
4291 1418
4292 1416
4293 1414
4294 1412
4295 1410
4296 1408
4297 1406
4298 1404
4299 1402
4300 1400
4301 1398
4302 1396
4303 1394
4304 1392
4305 1390
4306 1388
4307 1386
4308 1384
4309 1382
4310 1380
4311 1378
4312 1376
4313 1374
4314 1372
4315 1370
4316 1368
4317 1366
4318 1364
4319 1362
4320 1360
4321 1358
4322 1356
4323 1354
4324 1352
4325 1350
4326 1348
4327 1346
4328 1344
4329 1342
4330 1340
4331 1338
4332 1336
4333 1334
4334 1332
4335 1330
4336 1328
4337 1326
4338 1324
4339 1322
4340 1320
4341 1318
4342 1316
4343 1314
4344 1312
4345 1310
4346 1308
4347 1306
4348 1304
4349 1302
4350 1300
4351 1298
4352 1296
4353 1294
4354 1292
4355 1290
4356 1288
4357 1286
4358 1284
4359 1282
4360 1280
4361 1278
4362 1276
4363 1274
4364 1272
4365 1270
4366 1268
4367 1266
4368 1264
4369 1262
4370 1260
4371 1258
4372 1256
4373 1254
4374 1252
4375 1250
4376 1248
4377 1246
4378 1244
4379 1242
4380 1240
4381 1238
4382 1236
4383 1234
4384 1232
4385 1230
4386 1228
4387 1226
4388 1224
4389 1222
4390 1220
4391 1218
4392 1216
4393 1214
4394 1212
4395 1210
4396 1208
4397 1206
4398 1204
4399 1202
4400 1200
4401 1198
4402 1196
4403 1194
4404 1192
4405 1190
4406 1188
4407 1186
4408 1184
4409 1182
4410 1180
4411 1178
4412 1176
4413 1174
4414 1172
4415 1170
4416 1168
4417 1166
4418 1164
4419 1162
4420 1160
4421 1158
4422 1156
4423 1154
4424 1152
4425 1150
4426 1148
4427 1146
4428 1144
4429 1142
4430 1140
4431 1138
4432 1136
4433 1134
4434 1132
4435 1130
4436 1128
4437 1126
4438 1124
4439 1122
4440 1120
4441 1118
4442 1116
4443 1114
4444 1112
4445 1110
4446 1108
4447 1106
4448 1104
4449 1102
4450 1100
4451 1098
4452 1096
4453 1094
4454 1092
4455 1090
4456 1088
4457 1086
4458 1084
4459 1082
4460 1080
4461 1078
4462 1076
4463 1074
4464 1072
4465 1070
4466 1068
4467 1066
4468 1064
4469 1062
4470 1060
4471 1058
4472 1056
4473 1054
4474 1052
4475 1050
4476 1048
4477 1046
4478 1044
4479 1042
4480 1040
4481 1038
4482 1036
4483 1034
4484 1032
4485 1030
4486 1028
4487 1026
4488 1024
4489 1022
4490 1020
4491 1018
4492 1016
4493 1014
4494 1012
4495 1010
4496 1008
4497 1006
4498 1004
4499 1002
4500 1000
4501 998
4502 996
4503 994
4504 992
4505 990
4506 988
4507 986
4508 984
4509 982
4510 980
4511 978
4512 976
4513 974
4514 972
4515 970
4516 968
4517 966
4518 964
4519 962
4520 960
4521 958
4522 956
4523 954
4524 952
4525 950
4526 948
4527 946
4528 944
4529 942
4530 940
4531 938
4532 936
4533 934
4534 932
4535 930
4536 928
4537 926
4538 924
4539 922
4540 920
4541 918
4542 916
4543 914
4544 912
4545 910
4546 908
4547 906
4548 904
4549 902
4550 900
4551 898
4552 896
4553 894
4554 892
4555 890
4556 888
4557 886
4558 884
4559 882
4560 880
4561 878
4562 876
4563 874
4564 872
4565 870
4566 868
4567 866
4568 864
4569 862
4570 860
4571 858
4572 856
4573 854
4574 852
4575 850
4576 848
4577 846
4578 844
4579 842
4580 840
4581 838
4582 836
4583 834
4584 832
4585 830
4586 828
4587 826
4588 824
4589 822
4590 820
4591 818
4592 816
4593 814
4594 812
4595 810
4596 808
4597 806
4598 804
4599 802
4600 800
4601 798
4602 796
4603 794
4604 792
4605 790
4606 788
4607 786
4608 784
4609 782
4610 780
4611 778
4612 776
4613 774
4614 772
4615 770
4616 768
4617 766
4618 764
4619 762
4620 760
4621 758
4622 756
4623 754
4624 752
4625 750
4626 748
4627 746
4628 744
4629 742
4630 740
4631 738
4632 736
4633 734
4634 732
4635 730
4636 728
4637 726
4638 724
4639 722
4640 720
4641 718
4642 716
4643 714
4644 712
4645 710
4646 708
4647 706
4648 704
4649 702
4650 700
4651 698
4652 696
4653 694
4654 692
4655 690
4656 688
4657 686
4658 684
4659 682
4660 680
4661 678
4662 676
4663 674
4664 672
4665 670
4666 668
4667 666
4668 664
4669 662
4670 660
4671 658
4672 656
4673 654
4674 652
4675 650
4676 648
4677 646
4678 644
4679 642
4680 640
4681 638
4682 636
4683 634
4684 632
4685 630
4686 628
4687 626
4688 624
4689 622
4690 620
4691 618
4692 616
4693 614
4694 612
4695 610
4696 608
4697 606
4698 604
4699 602
4700 600
4701 598
4702 596
4703 594
4704 592
4705 590
4706 588
4707 586
4708 584
4709 582
4710 580
4711 578
4712 576
4713 574
4714 572
4715 570
4716 568
4717 566
4718 564
4719 562
4720 560
4721 558
4722 556
4723 554
4724 552
4725 550
4726 548
4727 546
4728 544
4729 542
4730 540
4731 538
4732 536
4733 534
4734 532
4735 530
4736 528
4737 526
4738 524
4739 522
4740 520
4741 518
4742 516
4743 514
4744 512
4745 510
4746 508
4747 506
4748 504
4749 502
4750 500
4751 498
4752 496
4753 494
4754 492
4755 490
4756 488
4757 486
4758 484
4759 482
4760 480
4761 478
4762 476
4763 474
4764 472
4765 470
4766 468
4767 466
4768 464
4769 462
4770 460
4771 458
4772 456
4773 454
4774 452
4775 450
4776 448
4777 446
4778 444
4779 442
4780 440
4781 438
4782 436
4783 434
4784 432
4785 430
4786 428
4787 426
4788 424
4789 422
4790 420
4791 418
4792 416
4793 414
4794 412
4795 410
4796 408
4797 406
4798 404
4799 402
4800 400
4801 398
4802 396
4803 394
4804 392
4805 390
4806 388
4807 386
4808 384
4809 382
4810 380
4811 378
4812 376
4813 374
4814 372
4815 370
4816 368
4817 366
4818 364
4819 362
4820 360
4821 358
4822 356
4823 354
4824 352
4825 350
4826 348
4827 346
4828 344
4829 342
4830 340
4831 338
4832 336
4833 334
4834 332
4835 330
4836 328
4837 326
4838 324
4839 322
4840 320
4841 318
4842 316
4843 314
4844 312
4845 310
4846 308
4847 306
4848 304
4849 302
4850 300
4851 298
4852 296
4853 294
4854 292
4855 290
4856 288
4857 286
4858 284
4859 282
4860 280
4861 278
4862 276
4863 274
4864 272
4865 270
4866 268
4867 266
4868 264
4869 262
4870 260
4871 258
4872 256
4873 254
4874 252
4875 250
4876 248
4877 246
4878 244
4879 242
4880 240
4881 238
4882 236
4883 234
4884 232
4885 230
4886 228
4887 226
4888 224
4889 222
4890 220
4891 218
4892 216
4893 214
4894 212
4895 210
4896 208
4897 206
4898 204
4899 202
4900 200
4901 198
4902 196
4903 194
4904 192
4905 190
4906 188
4907 186
4908 184
4909 182
4910 180
4911 178
4912 176
4913 174
4914 172
4915 170
4916 168
4917 166
4918 164
4919 162
4920 160
4921 158
4922 156
4923 154
4924 152
4925 150
4926 148
4927 146
4928 144
4929 142
4930 140
4931 138
4932 136
4933 134
4934 132
4935 130
4936 128
4937 126
4938 124
4939 122
4940 120
4941 118
4942 116
4943 114
4944 112
4945 110
4946 108
4947 106
4948 104
4949 102
4950 100
4951 98
4952 96
4953 94
4954 92
4955 90
4956 88
4957 86
4958 84
4959 82
4960 80
4961 78
4962 76
4963 74
4964 72
4965 70
4966 68
4967 66
4968 64
4969 62
4970 60
4971 58
4972 56
4973 54
4974 52
4975 50
4976 48
4977 46
4978 44
4979 42
4980 40
4981 38
4982 36
4983 34
4984 32
4985 30
4986 28
4987 26
4988 24
4989 22
4990 20
4991 18
4992 16
4993 14
4994 12
4995 10
4996 8
4997 6
4998 4
4999 2
5000 0
5001 2
5002 4
5003 6
5004 8
5005 10
5006 12
5007 14
5008 16
5009 18
5010 20
5011 22
5012 24
5013 26
5014 28
5015 30
5016 32
5017 34
5018 36
5019 38
5020 40
5021 42
5022 44
5023 46
5024 48
5025 50
5026 52
5027 54
5028 56
5029 58
5030 60
5031 62
5032 64
5033 66
5034 68
5035 70
5036 72
5037 74
5038 76
5039 78
5040 80
5041 82
5042 84
5043 86
5044 88
5045 90
5046 92
5047 94
5048 96
5049 98
5050 100
5051 102
5052 104
5053 106
5054 108
5055 110
5056 112
5057 114
5058 116
5059 118
5060 120
5061 122
5062 124
5063 126
5064 128
5065 130
5066 132
5067 134
5068 136
5069 138
5070 140
5071 142
5072 144
5073 146
5074 148
5075 150
5076 152
5077 154
5078 156
5079 158
5080 160
5081 162
5082 164
5083 166
5084 168
5085 170
5086 172
5087 174
5088 176
5089 178
5090 180
5091 182
5092 184
5093 186
5094 188
5095 190
5096 192
5097 194
5098 196
5099 198
5100 200
5101 202
5102 204
5103 206
5104 208
5105 210
5106 212
5107 214
5108 216
5109 218
5110 220
5111 222
5112 224
5113 226
5114 228
5115 230
5116 232
5117 234
5118 236
5119 238
5120 240
5121 242
5122 244
5123 246
5124 248
5125 250
5126 252
5127 254
5128 256
5129 258
5130 260
5131 262
5132 264
5133 266
5134 268
5135 270
5136 272
5137 274
5138 276
5139 278
5140 280
5141 282
5142 284
5143 286
5144 288
5145 290
5146 292
5147 294
5148 296
5149 298
5150 300
5151 302
5152 304
5153 306
5154 308
5155 310
5156 312
5157 314
5158 316
5159 318
5160 320
5161 322
5162 324
5163 326
5164 328
5165 330
5166 332
5167 334
5168 336
5169 338
5170 340
5171 342
5172 344
5173 346
5174 348
5175 350
5176 352
5177 354
5178 356
5179 358
5180 360
5181 362
5182 364
5183 366
5184 368
5185 370
5186 372
5187 374
5188 376
5189 378
5190 380
5191 382
5192 384
5193 386
5194 388
5195 390
5196 392
5197 394
5198 396
5199 398
5200 400
5201 402
5202 404
5203 406
5204 408
5205 410
5206 412
5207 414
5208 416
5209 418
5210 420
5211 422
5212 424
5213 426
5214 428
5215 430
5216 432
5217 434
5218 436
5219 438
5220 440
5221 442
5222 444
5223 446
5224 448
5225 450
5226 452
5227 454
5228 456
5229 458
5230 460
5231 462
5232 464
5233 466
5234 468
5235 470
5236 472
5237 474
5238 476
5239 478
5240 480
5241 482
5242 484
5243 486
5244 488
5245 490
5246 492
5247 494
5248 496
5249 498
5250 500
5251 502
5252 504
5253 506
5254 508
5255 510
5256 512
5257 514
5258 516
5259 518
5260 520
5261 522
5262 524
5263 526
5264 528
5265 530
5266 532
5267 534
5268 536
5269 538
5270 540
5271 542
5272 544
5273 546
5274 548
5275 550
5276 552
5277 554
5278 556
5279 558
5280 560
5281 562
5282 564
5283 566
5284 568
5285 570
5286 572
5287 574
5288 576
5289 578
5290 580
5291 582
5292 584
5293 586
5294 588
5295 590
5296 592
5297 594
5298 596
5299 598
5300 600
5301 602
5302 604
5303 606
5304 608
5305 610
5306 612
5307 614
5308 616
5309 618
5310 620
5311 622
5312 624
5313 626
5314 628
5315 630
5316 632
5317 634
5318 636
5319 638
5320 640
5321 642
5322 644
5323 646
5324 648
5325 650
5326 652
5327 654
5328 656
5329 658
5330 660
5331 662
5332 664
5333 666
5334 668
5335 670
5336 672
5337 674
5338 676
5339 678
5340 680
5341 682
5342 684
5343 686
5344 688
5345 690
5346 692
5347 694
5348 696
5349 698
5350 700
5351 702
5352 704
5353 706
5354 708
5355 710
5356 712
5357 714
5358 716
5359 718
5360 720
5361 722
5362 724
5363 726
5364 728
5365 730
5366 732
5367 734
5368 736
5369 738
5370 740
5371 742
5372 744
5373 746
5374 748
5375 750
5376 752
5377 754
5378 756
5379 758
5380 760
5381 762
5382 764
5383 766
5384 768
5385 770
5386 772
5387 774
5388 776
5389 778
5390 780
5391 782
5392 784
5393 786
5394 788
5395 790
5396 792
5397 794
5398 796
5399 798
5400 800
5401 802
5402 804
5403 806
5404 808
5405 810
5406 812
5407 814
5408 816
5409 818
5410 820
5411 822
5412 824
5413 826
5414 828
5415 830
5416 832
5417 834
5418 836
5419 838
5420 840
5421 842
5422 844
5423 846
5424 848
5425 850
5426 852
5427 854
5428 856
5429 858
5430 860
5431 862
5432 864
5433 866
5434 868
5435 870
5436 872
5437 874
5438 876
5439 878
5440 880
5441 882
5442 884
5443 886
5444 888
5445 890
5446 892
5447 894
5448 896
5449 898
5450 900
5451 902
5452 904
5453 906
5454 908
5455 910
5456 912
5457 914
5458 916
5459 918
5460 920
5461 922
5462 924
5463 926
5464 928
5465 930
5466 932
5467 934
5468 936
5469 938
5470 940
5471 942
5472 944
5473 946
5474 948
5475 950
5476 952
5477 954
5478 956
5479 958
5480 960
5481 962
5482 964
5483 966
5484 968
5485 970
5486 972
5487 974
5488 976
5489 978
5490 980
5491 982
5492 984
5493 986
5494 988
5495 990
5496 992
5497 994
5498 996
5499 998
5500 1000
5501 1002
5502 1004
5503 1006
5504 1008
5505 1010
5506 1012
5507 1014
5508 1016
5509 1018
5510 1020
5511 1022
5512 1024
5513 1026
5514 1028
5515 1030
5516 1032
5517 1034
5518 1036
5519 1038
5520 1040
5521 1042
5522 1044
5523 1046
5524 1048
5525 1050
5526 1052
5527 1054
5528 1056
5529 1058
5530 1060
5531 1062
5532 1064
5533 1066
5534 1068
5535 1070
5536 1072
5537 1074
5538 1076
5539 1078
5540 1080
5541 1082
5542 1084
5543 1086
5544 1088
5545 1090
5546 1092
5547 1094
5548 1096
5549 1098
5550 1100
5551 1102
5552 1104
5553 1106
5554 1108
5555 1110
5556 1112
5557 1114
5558 1116
5559 1118
5560 1120
5561 1122
5562 1124
5563 1126
5564 1128
5565 1130
5566 1132
5567 1134
5568 1136
5569 1138
5570 1140
5571 1142
5572 1144
5573 1146
5574 1148
5575 1150
5576 1152
5577 1154
5578 1156
5579 1158
5580 1160
5581 1162
5582 1164
5583 1166
5584 1168
5585 1170
5586 1172
5587 1174
5588 1176
5589 1178
5590 1180
5591 1182
5592 1184
5593 1186
5594 1188
5595 1190
5596 1192
5597 1194
5598 1196
5599 1198
5600 1200
5601 1202
5602 1204
5603 1206
5604 1208
5605 1210
5606 1212
5607 1214
5608 1216
5609 1218
5610 1220
5611 1222
5612 1224
5613 1226
5614 1228
5615 1230
5616 1232
5617 1234
5618 1236
5619 1238
5620 1240
5621 1242
5622 1244
5623 1246
5624 1248
5625 1250
5626 1252
5627 1254
5628 1256
5629 1258
5630 1260
5631 1262
5632 1264
5633 1266
5634 1268
5635 1270
5636 1272
5637 1274
5638 1276
5639 1278
5640 1280
5641 1282
5642 1284
5643 1286
5644 1288
5645 1290
5646 1292
5647 1294
5648 1296
5649 1298
5650 1300
5651 1302
5652 1304
5653 1306
5654 1308
5655 1310
5656 1312
5657 1314
5658 1316
5659 1318
5660 1320
5661 1322
5662 1324
5663 1326
5664 1328
5665 1330
5666 1332
5667 1334
5668 1336
5669 1338
5670 1340
5671 1342
5672 1344
5673 1346
5674 1348
5675 1350
5676 1352
5677 1354
5678 1356
5679 1358
5680 1360
5681 1362
5682 1364
5683 1366
5684 1368
5685 1370
5686 1372
5687 1374
5688 1376
5689 1378
5690 1380
5691 1382
5692 1384
5693 1386
5694 1388
5695 1390
5696 1392
5697 1394
5698 1396
5699 1398
5700 1400
5701 1402
5702 1404
5703 1406
5704 1408
5705 1410
5706 1412
5707 1414
5708 1416
5709 1418
5710 1420
5711 1422
5712 1424
5713 1426
5714 1428
5715 1430
5716 1432
5717 1434
5718 1436
5719 1438
5720 1440
5721 1442
5722 1444
5723 1446
5724 1448
5725 1450
5726 1452
5727 1454
5728 1456
5729 1458
5730 1460
5731 1462
5732 1464
5733 1466
5734 1468
5735 1470
5736 1472
5737 1474
5738 1476
5739 1478
5740 1480
5741 1482
5742 1484
5743 1486
5744 1488
5745 1490
5746 1492
5747 1494
5748 1496
5749 1498
5750 1500
5751 1502
5752 1504
5753 1506
5754 1508
5755 1510
5756 1512
5757 1514
5758 1516
5759 1518
5760 1520
5761 1522
5762 1524
5763 1526
5764 1528
5765 1530
5766 1532
5767 1534
5768 1536
5769 1538
5770 1540
5771 1542
5772 1544
5773 1546
5774 1548
5775 1550
5776 1552
5777 1554
5778 1556
5779 1558
5780 1560
5781 1562
5782 1564
5783 1566
5784 1568
5785 1570
5786 1572
5787 1574
5788 1576
5789 1578
5790 1580
5791 1582
5792 1584
5793 1586
5794 1588
5795 1590
5796 1592
5797 1594
5798 1596
5799 1598
5800 1600
5801 1602
5802 1604
5803 1606
5804 1608
5805 1610
5806 1612
5807 1614
5808 1616
5809 1618
5810 1620
5811 1622
5812 1624
5813 1626
5814 1628
5815 1630
5816 1632
5817 1634
5818 1636
5819 1638
5820 1640
5821 1642
5822 1644
5823 1646
5824 1648
5825 1650
5826 1652
5827 1654
5828 1656
5829 1658
5830 1660
5831 1662
5832 1664
5833 1666
5834 1668
5835 1670
5836 1672
5837 1674
5838 1676
5839 1678
5840 1680
5841 1682
5842 1684
5843 1686
5844 1688
5845 1690
5846 1692
5847 1694
5848 1696
5849 1698
5850 1700
5851 1702
5852 1704
5853 1706
5854 1708
5855 1710
5856 1712
5857 1714
5858 1716
5859 1718
5860 1720
5861 1722
5862 1724
5863 1726
5864 1728
5865 1730
5866 1732
5867 1734
5868 1736
5869 1738
5870 1740
5871 1742
5872 1744
5873 1746
5874 1748
5875 1750
5876 1752
5877 1754
5878 1756
5879 1758
5880 1760
5881 1762
5882 1764
5883 1766
5884 1768
5885 1770
5886 1772
5887 1774
5888 1776
5889 1778
5890 1780
5891 1782
5892 1784
5893 1786
5894 1788
5895 1790
5896 1792
5897 1794
5898 1796
5899 1798
5900 1800
5901 1802
5902 1804
5903 1806
5904 1808
5905 1810
5906 1812
5907 1814
5908 1816
5909 1818
5910 1820
5911 1822
5912 1824
5913 1826
5914 1828
5915 1830
5916 1832
5917 1834
5918 1836
5919 1838
5920 1840
5921 1842
5922 1844
5923 1846
5924 1848
5925 1850
5926 1852
5927 1854
5928 1856
5929 1858
5930 1860
5931 1862
5932 1864
5933 1866
5934 1868
5935 1870
5936 1872
5937 1874
5938 1876
5939 1878
5940 1880
5941 1882
5942 1884
5943 1886
5944 1888
5945 1890
5946 1892
5947 1894
5948 1896
5949 1898
5950 1900
5951 1902
5952 1904
5953 1906
5954 1908
5955 1910
5956 1912
5957 1914
5958 1916
5959 1918
5960 1920
5961 1922
5962 1924
5963 1926
5964 1928
5965 1930
5966 1932
5967 1934
5968 1936
5969 1938
5970 1940
5971 1942
5972 1944
5973 1946
5974 1948
5975 1950
5976 1952
5977 1954
5978 1956
5979 1958
5980 1960
5981 1962
5982 1964
5983 1966
5984 1968
5985 1970
5986 1972
5987 1974
5988 1976
5989 1978
5990 1980
5991 1982
5992 1984
5993 1986
5994 1988
5995 1990
5996 1992
5997 1994
5998 1996
5999 1998
6000 2000
6001 2002
6002 2004
6003 2006
6004 2008
6005 2010
6006 2012
6007 2014
6008 2016
6009 2018
6010 2020
6011 2022
6012 2024
6013 2026
6014 2028
6015 2030
6016 2032
6017 2034
6018 2036
6019 2038
6020 2040
6021 2042
6022 2044
6023 2046
6024 2048
6025 2050
6026 2052
6027 2054
6028 2056
6029 2058
6030 2060
6031 2062
6032 2064
6033 2066
6034 2068
6035 2070
6036 2072
6037 2074
6038 2076
6039 2078
6040 2080
6041 2082
6042 2084
6043 2086
6044 2088
6045 2090
6046 2092
6047 2094
6048 2096
6049 2098
6050 2100
6051 2102
6052 2104
6053 2106
6054 2108
6055 2110
6056 2112
6057 2114
6058 2116
6059 2118
6060 2120
6061 2122
6062 2124
6063 2126
6064 2128
6065 2130
6066 2132
6067 2134
6068 2136
6069 2138
6070 2140
6071 2142
6072 2144
6073 2146
6074 2148
6075 2150
6076 2152
6077 2154
6078 2156
6079 2158
6080 2160
6081 2162
6082 2164
6083 2166
6084 2168
6085 2170
6086 2172
6087 2174
6088 2176
6089 2178
6090 2180
6091 2182
6092 2184
6093 2186
6094 2188
6095 2190
6096 2192
6097 2194
6098 2196
6099 2198
6100 2200
6101 2202
6102 2204
6103 2206
6104 2208
6105 2210
6106 2212
6107 2214
6108 2216
6109 2218
6110 2220
6111 2222
6112 2224
6113 2226
6114 2228
6115 2230
6116 2232
6117 2234
6118 2236
6119 2238
6120 2240
6121 2242
6122 2244
6123 2246
6124 2248
6125 2250
6126 2252
6127 2254
6128 2256
6129 2258
6130 2260
6131 2262
6132 2264
6133 2266
6134 2268
6135 2270
6136 2272
6137 2274
6138 2276
6139 2278
6140 2280
6141 2282
6142 2284
6143 2286
6144 2288
6145 2290
6146 2292
6147 2294
6148 2296
6149 2298
6150 2300
6151 2302
6152 2304
6153 2306
6154 2308
6155 2310
6156 2312
6157 2314
6158 2316
6159 2318
6160 2320
6161 2322
6162 2324
6163 2326
6164 2328
6165 2330
6166 2332
6167 2334
6168 2336
6169 2338
6170 2340
6171 2342
6172 2344
6173 2346
6174 2348
6175 2350
6176 2352
6177 2354
6178 2356
6179 2358
6180 2360
6181 2362
6182 2364
6183 2366
6184 2368
6185 2370
6186 2372
6187 2374
6188 2376
6189 2378
6190 2380
6191 2382
6192 2384
6193 2386
6194 2388
6195 2390
6196 2392
6197 2394
6198 2396
6199 2398
6200 2400
6201 2402
6202 2404
6203 2406
6204 2408
6205 2410
6206 2412
6207 2414
6208 2416
6209 2418
6210 2420
6211 2422
6212 2424
6213 2426
6214 2428
6215 2430
6216 2432
6217 2434
6218 2436
6219 2438
6220 2440
6221 2442
6222 2444
6223 2446
6224 2448
6225 2450
6226 2452
6227 2454
6228 2456
6229 2458
6230 2460
6231 2462
6232 2464
6233 2466
6234 2468
6235 2470
6236 2472
6237 2474
6238 2476
6239 2478
6240 2480
6241 2482
6242 2484
6243 2486
6244 2488
6245 2490
6246 2492
6247 2494
6248 2496
6249 2498
6250 2500
6251 2502
6252 2504
6253 2506
6254 2508
6255 2510
6256 2512
6257 2514
6258 2516
6259 2518
6260 2520
6261 2522
6262 2524
6263 2526
6264 2528
6265 2530
6266 2532
6267 2534
6268 2536
6269 2538
6270 2540
6271 2542
6272 2544
6273 2546
6274 2548
6275 2550
6276 2552
6277 2554
6278 2556
6279 2558
6280 2560
6281 2562
6282 2564
6283 2566
6284 2568
6285 2570
6286 2572
6287 2574
6288 2576
6289 2578
6290 2580
6291 2582
6292 2584
6293 2586
6294 2588
6295 2590
6296 2592
6297 2594
6298 2596
6299 2598
6300 2600
6301 2602
6302 2604
6303 2606
6304 2608
6305 2610
6306 2612
6307 2614
6308 2616
6309 2618
6310 2620
6311 2622
6312 2624
6313 2626
6314 2628
6315 2630
6316 2632
6317 2634
6318 2636
6319 2638
6320 2640
6321 2642
6322 2644
6323 2646
6324 2648
6325 2650
6326 2652
6327 2654
6328 2656
6329 2658
6330 2660
6331 2662
6332 2664
6333 2666
6334 2668
6335 2670
6336 2672
6337 2674
6338 2676
6339 2678
6340 2680
6341 2682
6342 2684
6343 2686
6344 2688
6345 2690
6346 2692
6347 2694
6348 2696
6349 2698
6350 2700
6351 2702
6352 2704
6353 2706
6354 2708
6355 2710
6356 2712
6357 2714
6358 2716
6359 2718
6360 2720
6361 2722
6362 2724
6363 2726
6364 2728
6365 2730
6366 2732
6367 2734
6368 2736
6369 2738
6370 2740
6371 2742
6372 2744
6373 2746
6374 2748
6375 2750
6376 2752
6377 2754
6378 2756
6379 2758
6380 2760
6381 2762
6382 2764
6383 2766
6384 2768
6385 2770
6386 2772
6387 2774
6388 2776
6389 2778
6390 2780
6391 2782
6392 2784
6393 2786
6394 2788
6395 2790
6396 2792
6397 2794
6398 2796
6399 2798
6400 2800
6401 2802
6402 2804
6403 2806
6404 2808
6405 2810
6406 2812
6407 2814
6408 2816
6409 2818
6410 2820
6411 2822
6412 2824
6413 2826
6414 2828
6415 2830
6416 2832
6417 2834
6418 2836
6419 2838
6420 2840
6421 2842
6422 2844
6423 2846
6424 2848
6425 2850
6426 2852
6427 2854
6428 2856
6429 2858
6430 2860
6431 2862
6432 2864
6433 2866
6434 2868
6435 2870
6436 2872
6437 2874
6438 2876
6439 2878
6440 2880
6441 2882
6442 2884
6443 2886
6444 2888
6445 2890
6446 2892
6447 2894
6448 2896
6449 2898
6450 2900
6451 2902
6452 2904
6453 2906
6454 2908
6455 2910
6456 2912
6457 2914
6458 2916
6459 2918
6460 2920
6461 2922
6462 2924
6463 2926
6464 2928
6465 2930
6466 2932
6467 2934
6468 2936
6469 2938
6470 2940
6471 2942
6472 2944
6473 2946
6474 2948
6475 2950
6476 2952
6477 2954
6478 2956
6479 2958
6480 2960
6481 2962
6482 2964
6483 2966
6484 2968
6485 2970
6486 2972
6487 2974
6488 2976
6489 2978
6490 2980
6491 2982
6492 2984
6493 2986
6494 2988
6495 2990
6496 2992
6497 2994
6498 2996
6499 2998
6500 3000
6501 3002
6502 3004
6503 3006
6504 3008
6505 3010
6506 3012
6507 3014
6508 3016
6509 3018
6510 3020
6511 3022
6512 3024
6513 3026
6514 3028
6515 3030
6516 3032
6517 3034
6518 3036
6519 3038
6520 3040
6521 3042
6522 3044
6523 3046
6524 3048
6525 3050
6526 3052
6527 3054
6528 3056
6529 3058
6530 3060
6531 3062
6532 3064
6533 3066
6534 3068
6535 3070
6536 3072
6537 3074
6538 3076
6539 3078
6540 3080
6541 3082
6542 3084
6543 3086
6544 3088
6545 3090
6546 3092
6547 3094
6548 3096
6549 3098
6550 3100
6551 3102
6552 3104
6553 3106
6554 3108
6555 3110
6556 3112
6557 3114
6558 3116
6559 3118
6560 3120
6561 3122
6562 3124
6563 3126
6564 3128
6565 3130
6566 3132
6567 3134
6568 3136
6569 3138
6570 3140
6571 3142
6572 3144
6573 3146
6574 3148
6575 3150
6576 3152
6577 3154
6578 3156
6579 3158
6580 3160
6581 3162
6582 3164
6583 3166
6584 3168
6585 3170
6586 3172
6587 3174
6588 3176
6589 3178
6590 3180
6591 3182
6592 3184
6593 3186
6594 3188
6595 3190
6596 3192
6597 3194
6598 3196
6599 3198
6600 3200
6601 3202
6602 3204
6603 3206
6604 3208
6605 3210
6606 3212
6607 3214
6608 3216
6609 3218
6610 3220
6611 3222
6612 3224
6613 3226
6614 3228
6615 3230
6616 3232
6617 3234
6618 3236
6619 3238
6620 3240
6621 3242
6622 3244
6623 3246
6624 3248
6625 3250
6626 3252
6627 3254
6628 3256
6629 3258
6630 3260
6631 3262
6632 3264
6633 3266
6634 3268
6635 3270
6636 3272
6637 3274
6638 3276
6639 3278
6640 3280
6641 3282
6642 3284
6643 3286
6644 3288
6645 3290
6646 3292
6647 3294
6648 3296
6649 3298
6650 3300
6651 3302
6652 3304
6653 3306
6654 3308
6655 3310
6656 3312
6657 3314
6658 3316
6659 3318
6660 3320
6661 3322
6662 3324
6663 3326
6664 3328
6665 3330
6666 3332
6667 3334
6668 3336
6669 3338
6670 3340
6671 3342
6672 3344
6673 3346
6674 3348
6675 3350
6676 3352
6677 3354
6678 3356
6679 3358
6680 3360
6681 3362
6682 3364
6683 3366
6684 3368
6685 3370
6686 3372
6687 3374
6688 3376
6689 3378
6690 3380
6691 3382
6692 3384
6693 3386
6694 3388
6695 3390
6696 3392
6697 3394
6698 3396
6699 3398
6700 3400
6701 3402
6702 3404
6703 3406
6704 3408
6705 3410
6706 3412
6707 3414
6708 3416
6709 3418
6710 3420
6711 3422
6712 3424
6713 3426
6714 3428
6715 3430
6716 3432
6717 3434
6718 3436
6719 3438
6720 3440
6721 3442
6722 3444
6723 3446
6724 3448
6725 3450
6726 3452
6727 3454
6728 3456
6729 3458
6730 3460
6731 3462
6732 3464
6733 3466
6734 3468
6735 3470
6736 3472
6737 3474
6738 3476
6739 3478
6740 3480
6741 3482
6742 3484
6743 3486
6744 3488
6745 3490
6746 3492
6747 3494
6748 3496
6749 3498
6750 3500
6751 3502
6752 3504
6753 3506
6754 3508
6755 3510
6756 3512
6757 3514
6758 3516
6759 3518
6760 3520
6761 3522
6762 3524
6763 3526
6764 3528
6765 3530
6766 3532
6767 3534
6768 3536
6769 3538
6770 3540
6771 3542
6772 3544
6773 3546
6774 3548
6775 3550
6776 3552
6777 3554
6778 3556
6779 3558
6780 3560
6781 3562
6782 3564
6783 3566
6784 3568
6785 3570
6786 3572
6787 3574
6788 3576
6789 3578
6790 3580
6791 3582
6792 3584
6793 3586
6794 3588
6795 3590
6796 3592
6797 3594
6798 3596
6799 3598
6800 3600
6801 3602
6802 3604
6803 3606
6804 3608
6805 3610
6806 3612
6807 3614
6808 3616
6809 3618
6810 3620
6811 3622
6812 3624
6813 3626
6814 3628
6815 3630
6816 3632
6817 3634
6818 3636
6819 3638
6820 3640
6821 3642
6822 3644
6823 3646
6824 3648
6825 3650
6826 3652
6827 3654
6828 3656
6829 3658
6830 3660
6831 3662
6832 3664
6833 3666
6834 3668
6835 3670
6836 3672
6837 3674
6838 3676
6839 3678
6840 3680
6841 3682
6842 3684
6843 3686
6844 3688
6845 3690
6846 3692
6847 3694
6848 3696
6849 3698
6850 3700
6851 3702
6852 3704
6853 3706
6854 3708
6855 3710
6856 3712
6857 3714
6858 3716
6859 3718
6860 3720
6861 3722
6862 3724
6863 3726
6864 3728
6865 3730
6866 3732
6867 3734
6868 3736
6869 3738
6870 3740
6871 3742
6872 3744
6873 3746
6874 3748
6875 3750
6876 3752
6877 3754
6878 3756
6879 3758
6880 3760
6881 3762
6882 3764
6883 3766
6884 3768
6885 3770
6886 3772
6887 3774
6888 3776
6889 3778
6890 3780
6891 3782
6892 3784
6893 3786
6894 3788
6895 3790
6896 3792
6897 3794
6898 3796
6899 3798
6900 3800
6901 3802
6902 3804
6903 3806
6904 3808
6905 3810
6906 3812
6907 3814
6908 3816
6909 3818
6910 3820
6911 3822
6912 3824
6913 3826
6914 3828
6915 3830
6916 3832
6917 3834
6918 3836
6919 3838
6920 3840
6921 3842
6922 3844
6923 3846
6924 3848
6925 3850
6926 3852
6927 3854
6928 3856
6929 3858
6930 3860
6931 3862
6932 3864
6933 3866
6934 3868
6935 3870
6936 3872
6937 3874
6938 3876
6939 3878
6940 3880
6941 3882
6942 3884
6943 3886
6944 3888
6945 3890
6946 3892
6947 3894
6948 3896
6949 3898
6950 3900
6951 3902
6952 3904
6953 3906
6954 3908
6955 3910
6956 3912
6957 3914
6958 3916
6959 3918
6960 3920
6961 3922
6962 3924
6963 3926
6964 3928
6965 3930
6966 3932
6967 3934
6968 3936
6969 3938
6970 3940
6971 3942
6972 3944
6973 3946
6974 3948
6975 3950
6976 3952
6977 3954
6978 3956
6979 3958
6980 3960
6981 3962
6982 3964
6983 3966
6984 3968
6985 3970
6986 3972
6987 3974
6988 3976
6989 3978
6990 3980
6991 3982
6992 3984
6993 3986
6994 3988
6995 3990
6996 3992
6997 3994
6998 3996
6999 3998
7000 4000
7001 4002
7002 4004
7003 4006
7004 4008
7005 4010
7006 4012
7007 4014
7008 4016
7009 4018
7010 4020
7011 4022
7012 4024
7013 4026
7014 4028
7015 4030
7016 4032
7017 4034
7018 4036
7019 4038
7020 4040
7021 4042
7022 4044
7023 4046
7024 4048
7025 4050
7026 4052
7027 4054
7028 4056
7029 4058
7030 4060
7031 4062
7032 4064
7033 4066
7034 4068
7035 4070
7036 4072
7037 4074
7038 4076
7039 4078
7040 4080
7041 4082
7042 4084
7043 4086
7044 4088
7045 4090
7046 4092
7047 4094
7048 4096
7049 4098
7050 4100
7051 4102
7052 4104
7053 4106
7054 4108
7055 4110
7056 4112
7057 4114
7058 4116
7059 4118
7060 4120
7061 4122
7062 4124
7063 4126
7064 4128
7065 4130
7066 4132
7067 4134
7068 4136
7069 4138
7070 4140
7071 4142
7072 4144
7073 4146
7074 4148
7075 4150
7076 4152
7077 4154
7078 4156
7079 4158
7080 4160
7081 4162
7082 4164
7083 4166
7084 4168
7085 4170
7086 4172
7087 4174
7088 4176
7089 4178
7090 4180
7091 4182
7092 4184
7093 4186
7094 4188
7095 4190
7096 4192
7097 4194
7098 4196
7099 4198
7100 4200
7101 4202
7102 4204
7103 4206
7104 4208
7105 4210
7106 4212
7107 4214
7108 4216
7109 4218
7110 4220
7111 4222
7112 4224
7113 4226
7114 4228
7115 4230
7116 4232
7117 4234
7118 4236
7119 4238
7120 4240
7121 4242
7122 4244
7123 4246
7124 4248
7125 4250
7126 4252
7127 4254
7128 4256
7129 4258
7130 4260
7131 4262
7132 4264
7133 4266
7134 4268
7135 4270
7136 4272
7137 4274
7138 4276
7139 4278
7140 4280
7141 4282
7142 4284
7143 4286
7144 4288
7145 4290
7146 4292
7147 4294
7148 4296
7149 4298
7150 4300
7151 4302
7152 4304
7153 4306
7154 4308
7155 4310
7156 4312
7157 4314
7158 4316
7159 4318
7160 4320
7161 4322
7162 4324
7163 4326
7164 4328
7165 4330
7166 4332
7167 4334
7168 4336
7169 4338
7170 4340
7171 4342
7172 4344
7173 4346
7174 4348
7175 4350
7176 4352
7177 4354
7178 4356
7179 4358
7180 4360
7181 4362
7182 4364
7183 4366
7184 4368
7185 4370
7186 4372
7187 4374
7188 4376
7189 4378
7190 4380
7191 4382
7192 4384
7193 4386
7194 4388
7195 4390
7196 4392
7197 4394
7198 4396
7199 4398
7200 4400
7201 4402
7202 4404
7203 4406
7204 4408
7205 4410
7206 4412
7207 4414
7208 4416
7209 4418
7210 4420
7211 4422
7212 4424
7213 4426
7214 4428
7215 4430
7216 4432
7217 4434
7218 4436
7219 4438
7220 4440
7221 4442
7222 4444
7223 4446
7224 4448
7225 4450
7226 4452
7227 4454
7228 4456
7229 4458
7230 4460
7231 4462
7232 4464
7233 4466
7234 4468
7235 4470
7236 4472
7237 4474
7238 4476
7239 4478
7240 4480
7241 4482
7242 4484
7243 4486
7244 4488
7245 4490
7246 4492
7247 4494
7248 4496
7249 4498
7250 4500
7251 4502
7252 4504
7253 4506
7254 4508
7255 4510
7256 4512
7257 4514
7258 4516
7259 4518
7260 4520
7261 4522
7262 4524
7263 4526
7264 4528
7265 4530
7266 4532
7267 4534
7268 4536
7269 4538
7270 4540
7271 4542
7272 4544
7273 4546
7274 4548
7275 4550
7276 4552
7277 4554
7278 4556
7279 4558
7280 4560
7281 4562
7282 4564
7283 4566
7284 4568
7285 4570
7286 4572
7287 4574
7288 4576
7289 4578
7290 4580
7291 4582
7292 4584
7293 4586
7294 4588
7295 4590
7296 4592
7297 4594
7298 4596
7299 4598
7300 4600
7301 4602
7302 4604
7303 4606
7304 4608
7305 4610
7306 4612
7307 4614
7308 4616
7309 4618
7310 4620
7311 4622
7312 4624
7313 4626
7314 4628
7315 4630
7316 4632
7317 4634
7318 4636
7319 4638
7320 4640
7321 4642
7322 4644
7323 4646
7324 4648
7325 4650
7326 4652
7327 4654
7328 4656
7329 4658
7330 4660
7331 4662
7332 4664
7333 4666
7334 4668
7335 4670
7336 4672
7337 4674
7338 4676
7339 4678
7340 4680
7341 4682
7342 4684
7343 4686
7344 4688
7345 4690
7346 4692
7347 4694
7348 4696
7349 4698
7350 4700
7351 4702
7352 4704
7353 4706
7354 4708
7355 4710
7356 4712
7357 4714
7358 4716
7359 4718
7360 4720
7361 4722
7362 4724
7363 4726
7364 4728
7365 4730
7366 4732
7367 4734
7368 4736
7369 4738
7370 4740
7371 4742
7372 4744
7373 4746
7374 4748
7375 4750
7376 4752
7377 4754
7378 4756
7379 4758
7380 4760
7381 4762
7382 4764
7383 4766
7384 4768
7385 4770
7386 4772
7387 4774
7388 4776
7389 4778
7390 4780
7391 4782
7392 4784
7393 4786
7394 4788
7395 4790
7396 4792
7397 4794
7398 4796
7399 4798
7400 4800
7401 4802
7402 4804
7403 4806
7404 4808
7405 4810
7406 4812
7407 4814
7408 4816
7409 4818
7410 4820
7411 4822
7412 4824
7413 4826
7414 4828
7415 4830
7416 4832
7417 4834
7418 4836
7419 4838
7420 4840
7421 4842
7422 4844
7423 4846
7424 4848
7425 4850
7426 4852
7427 4854
7428 4856
7429 4858
7430 4860
7431 4862
7432 4864
7433 4866
7434 4868
7435 4870
7436 4872
7437 4874
7438 4876
7439 4878
7440 4880
7441 4882
7442 4884
7443 4886
7444 4888
7445 4890
7446 4892
7447 4894
7448 4896
7449 4898
7450 4900
7451 4902
7452 4904
7453 4906
7454 4908
7455 4910
7456 4912
7457 4914
7458 4916
7459 4918
7460 4920
7461 4922
7462 4924
7463 4926
7464 4928
7465 4930
7466 4932
7467 4934
7468 4936
7469 4938
7470 4940
7471 4942
7472 4944
7473 4946
7474 4948
7475 4950
7476 4952
7477 4954
7478 4956
7479 4958
7480 4960
7481 4962
7482 4964
7483 4966
7484 4968
7485 4970
7486 4972
7487 4974
7488 4976
7489 4978
7490 4980
7491 4982
7492 4984
7493 4986
7494 4988
7495 4990
7496 4992
7497 4994
7498 4996
7499 4998
7500 5000
7501 5002
7502 5004
7503 5006
7504 5008
7505 5010
7506 5012
7507 5014
7508 5016
7509 5018
7510 5020
7511 5022
7512 5024
7513 5026
7514 5028
7515 5030
7516 5032
7517 5034
7518 5036
7519 5038
7520 5040
7521 5042
7522 5044
7523 5046
7524 5048
7525 5050
7526 5052
7527 5054
7528 5056
7529 5058
7530 5060
7531 5062
7532 5064
7533 5066
7534 5068
7535 5070
7536 5072
7537 5074
7538 5076
7539 5078
7540 5080
7541 5082
7542 5084
7543 5086
7544 5088
7545 5090
7546 5092
7547 5094
7548 5096
7549 5098
7550 5100
7551 5102
7552 5104
7553 5106
7554 5108
7555 5110
7556 5112
7557 5114
7558 5116
7559 5118
7560 5120
7561 5122
7562 5124
7563 5126
7564 5128
7565 5130
7566 5132
7567 5134
7568 5136
7569 5138
7570 5140
7571 5142
7572 5144
7573 5146
7574 5148
7575 5150
7576 5152
7577 5154
7578 5156
7579 5158
7580 5160
7581 5162
7582 5164
7583 5166
7584 5168
7585 5170
7586 5172
7587 5174
7588 5176
7589 5178
7590 5180
7591 5182
7592 5184
7593 5186
7594 5188
7595 5190
7596 5192
7597 5194
7598 5196
7599 5198
7600 5200
7601 5202
7602 5204
7603 5206
7604 5208
7605 5210
7606 5212
7607 5214
7608 5216
7609 5218
7610 5220
7611 5222
7612 5224
7613 5226
7614 5228
7615 5230
7616 5232
7617 5234
7618 5236
7619 5238
7620 5240
7621 5242
7622 5244
7623 5246
7624 5248
7625 5250
7626 5252
7627 5254
7628 5256
7629 5258
7630 5260
7631 5262
7632 5264
7633 5266
7634 5268
7635 5270
7636 5272
7637 5274
7638 5276
7639 5278
7640 5280
7641 5282
7642 5284
7643 5286
7644 5288
7645 5290
7646 5292
7647 5294
7648 5296
7649 5298
7650 5300
7651 5302
7652 5304
7653 5306
7654 5308
7655 5310
7656 5312
7657 5314
7658 5316
7659 5318
7660 5320
7661 5322
7662 5324
7663 5326
7664 5328
7665 5330
7666 5332
7667 5334
7668 5336
7669 5338
7670 5340
7671 5342
7672 5344
7673 5346
7674 5348
7675 5350
7676 5352
7677 5354
7678 5356
7679 5358
7680 5360
7681 5362
7682 5364
7683 5366
7684 5368
7685 5370
7686 5372
7687 5374
7688 5376
7689 5378
7690 5380
7691 5382
7692 5384
7693 5386
7694 5388
7695 5390
7696 5392
7697 5394
7698 5396
7699 5398
7700 5400
7701 5402
7702 5404
7703 5406
7704 5408
7705 5410
7706 5412
7707 5414
7708 5416
7709 5418
7710 5420
7711 5422
7712 5424
7713 5426
7714 5428
7715 5430
7716 5432
7717 5434
7718 5436
7719 5438
7720 5440
7721 5442
7722 5444
7723 5446
7724 5448
7725 5450
7726 5452
7727 5454
7728 5456
7729 5458
7730 5460
7731 5462
7732 5464
7733 5466
7734 5468
7735 5470
7736 5472
7737 5474
7738 5476
7739 5478
7740 5480
7741 5482
7742 5484
7743 5486
7744 5488
7745 5490
7746 5492
7747 5494
7748 5496
7749 5498
7750 5500
7751 5502
7752 5504
7753 5506
7754 5508
7755 5510
7756 5512
7757 5514
7758 5516
7759 5518
7760 5520
7761 5522
7762 5524
7763 5526
7764 5528
7765 5530
7766 5532
7767 5534
7768 5536
7769 5538
7770 5540
7771 5542
7772 5544
7773 5546
7774 5548
7775 5550
7776 5552
7777 5554
7778 5556
7779 5558
7780 5560
7781 5562
7782 5564
7783 5566
7784 5568
7785 5570
7786 5572
7787 5574
7788 5576
7789 5578
7790 5580
7791 5582
7792 5584
7793 5586
7794 5588
7795 5590
7796 5592
7797 5594
7798 5596
7799 5598
7800 5600
7801 5602
7802 5604
7803 5606
7804 5608
7805 5610
7806 5612
7807 5614
7808 5616
7809 5618
7810 5620
7811 5622
7812 5624
7813 5626
7814 5628
7815 5630
7816 5632
7817 5634
7818 5636
7819 5638
7820 5640
7821 5642
7822 5644
7823 5646
7824 5648
7825 5650
7826 5652
7827 5654
7828 5656
7829 5658
7830 5660
7831 5662
7832 5664
7833 5666
7834 5668
7835 5670
7836 5672
7837 5674
7838 5676
7839 5678
7840 5680
7841 5682
7842 5684
7843 5686
7844 5688
7845 5690
7846 5692
7847 5694
7848 5696
7849 5698
7850 5700
7851 5702
7852 5704
7853 5706
7854 5708
7855 5710
7856 5712
7857 5714
7858 5716
7859 5718
7860 5720
7861 5722
7862 5724
7863 5726
7864 5728
7865 5730
7866 5732
7867 5734
7868 5736
7869 5738
7870 5740
7871 5742
7872 5744
7873 5746
7874 5748
7875 5750
7876 5752
7877 5754
7878 5756
7879 5758
7880 5760
7881 5762
7882 5764
7883 5766
7884 5768
7885 5770
7886 5772
7887 5774
7888 5776
7889 5778
7890 5780
7891 5782
7892 5784
7893 5786
7894 5788
7895 5790
7896 5792
7897 5794
7898 5796
7899 5798
7900 5800
7901 5802
7902 5804
7903 5806
7904 5808
7905 5810
7906 5812
7907 5814
7908 5816
7909 5818
7910 5820
7911 5822
7912 5824
7913 5826
7914 5828
7915 5830
7916 5832
7917 5834
7918 5836
7919 5838
7920 5840
7921 5842
7922 5844
7923 5846
7924 5848
7925 5850
7926 5852
7927 5854
7928 5856
7929 5858
7930 5860
7931 5862
7932 5864
7933 5866
7934 5868
7935 5870
7936 5872
7937 5874
7938 5876
7939 5878
7940 5880
7941 5882
7942 5884
7943 5886
7944 5888
7945 5890
7946 5892
7947 5894
7948 5896
7949 5898
7950 5900
7951 5902
7952 5904
7953 5906
7954 5908
7955 5910
7956 5912
7957 5914
7958 5916
7959 5918
7960 5920
7961 5922
7962 5924
7963 5926
7964 5928
7965 5930
7966 5932
7967 5934
7968 5936
7969 5938
7970 5940
7971 5942
7972 5944
7973 5946
7974 5948
7975 5950
7976 5952
7977 5954
7978 5956
7979 5958
7980 5960
7981 5962
7982 5964
7983 5966
7984 5968
7985 5970
7986 5972
7987 5974
7988 5976
7989 5978
7990 5980
7991 5982
7992 5984
7993 5986
7994 5988
7995 5990
7996 5992
7997 5994
7998 5996
7999 5998
8000 6000
8001 6002
8002 6004
8003 6006
8004 6008
8005 6010
8006 6012
8007 6014
8008 6016
8009 6018
8010 6020
8011 6022
8012 6024
8013 6026
8014 6028
8015 6030
8016 6032
8017 6034
8018 6036
8019 6038
8020 6040
8021 6042
8022 6044
8023 6046
8024 6048
8025 6050
8026 6052
8027 6054
8028 6056
8029 6058
8030 6060
8031 6062
8032 6064
8033 6066
8034 6068
8035 6070
8036 6072
8037 6074
8038 6076
8039 6078
8040 6080
8041 6082
8042 6084
8043 6086
8044 6088
8045 6090
8046 6092
8047 6094
8048 6096
8049 6098
8050 6100
8051 6102
8052 6104
8053 6106
8054 6108
8055 6110
8056 6112
8057 6114
8058 6116
8059 6118
8060 6120
8061 6122
8062 6124
8063 6126
8064 6128
8065 6130
8066 6132
8067 6134
8068 6136
8069 6138
8070 6140
8071 6142
8072 6144
8073 6146
8074 6148
8075 6150
8076 6152
8077 6154
8078 6156
8079 6158
8080 6160
8081 6162
8082 6164
8083 6166
8084 6168
8085 6170
8086 6172
8087 6174
8088 6176
8089 6178
8090 6180
8091 6182
8092 6184
8093 6186
8094 6188
8095 6190
8096 6192
8097 6194
8098 6196
8099 6198
8100 6200
8101 6202
8102 6204
8103 6206
8104 6208
8105 6210
8106 6212
8107 6214
8108 6216
8109 6218
8110 6220
8111 6222
8112 6224
8113 6226
8114 6228
8115 6230
8116 6232
8117 6234
8118 6236
8119 6238
8120 6240
8121 6242
8122 6244
8123 6246
8124 6248
8125 6250
8126 6252
8127 6254
8128 6256
8129 6258
8130 6260
8131 6262
8132 6264
8133 6266
8134 6268
8135 6270
8136 6272
8137 6274
8138 6276
8139 6278
8140 6280
8141 6282
8142 6284
8143 6286
8144 6288
8145 6290
8146 6292
8147 6294
8148 6296
8149 6298
8150 6300
8151 6302
8152 6304
8153 6306
8154 6308
8155 6310
8156 6312
8157 6314
8158 6316
8159 6318
8160 6320
8161 6322
8162 6324
8163 6326
8164 6328
8165 6330
8166 6332
8167 6334
8168 6336
8169 6338
8170 6340
8171 6342
8172 6344
8173 6346
8174 6348
8175 6350
8176 6352
8177 6354
8178 6356
8179 6358
8180 6360
8181 6362
8182 6364
8183 6366
8184 6368
8185 6370
8186 6372
8187 6374
8188 6376
8189 6378
8190 6380
8191 6382
8192 6384
8193 6386
8194 6388
8195 6390
8196 6392
8197 6394
8198 6396
8199 6398
8200 6400
8201 6402
8202 6404
8203 6406
8204 6408
8205 6410
8206 6412
8207 6414
8208 6416
8209 6418
8210 6420
8211 6422
8212 6424
8213 6426
8214 6428
8215 6430
8216 6432
8217 6434
8218 6436
8219 6438
8220 6440
8221 6442
8222 6444
8223 6446
8224 6448
8225 6450
8226 6452
8227 6454
8228 6456
8229 6458
8230 6460
8231 6462
8232 6464
8233 6466
8234 6468
8235 6470
8236 6472
8237 6474
8238 6476
8239 6478
8240 6480
8241 6482
8242 6484
8243 6486
8244 6488
8245 6490
8246 6492
8247 6494
8248 6496
8249 6498
8250 6500
8251 6502
8252 6504
8253 6506
8254 6508
8255 6510
8256 6512
8257 6514
8258 6516
8259 6518
8260 6520
8261 6522
8262 6524
8263 6526
8264 6528
8265 6530
8266 6532
8267 6534
8268 6536
8269 6538
8270 6540
8271 6542
8272 6544
8273 6546
8274 6548
8275 6550
8276 6552
8277 6554
8278 6556
8279 6558
8280 6560
8281 6562
8282 6564
8283 6566
8284 6568
8285 6570
8286 6572
8287 6574
8288 6576
8289 6578
8290 6580
8291 6582
8292 6584
8293 6586
8294 6588
8295 6590
8296 6592
8297 6594
8298 6596
8299 6598
8300 6600
8301 6602
8302 6604
8303 6606
8304 6608
8305 6610
8306 6612
8307 6614
8308 6616
8309 6618
8310 6620
8311 6622
8312 6624
8313 6626
8314 6628
8315 6630
8316 6632
8317 6634
8318 6636
8319 6638
8320 6640
8321 6642
8322 6644
8323 6646
8324 6648
8325 6650
8326 6652
8327 6654
8328 6656
8329 6658
8330 6660
8331 6662
8332 6664
8333 6666
8334 6668
8335 6670
8336 6672
8337 6674
8338 6676
8339 6678
8340 6680
8341 6682
8342 6684
8343 6686
8344 6688
8345 6690
8346 6692
8347 6694
8348 6696
8349 6698
8350 6700
8351 6702
8352 6704
8353 6706
8354 6708
8355 6710
8356 6712
8357 6714
8358 6716
8359 6718
8360 6720
8361 6722
8362 6724
8363 6726
8364 6728
8365 6730
8366 6732
8367 6734
8368 6736
8369 6738
8370 6740
8371 6742
8372 6744
8373 6746
8374 6748
8375 6750
8376 6752
8377 6754
8378 6756
8379 6758
8380 6760
8381 6762
8382 6764
8383 6766
8384 6768
8385 6770
8386 6772
8387 6774
8388 6776
8389 6778
8390 6780
8391 6782
8392 6784
8393 6786
8394 6788
8395 6790
8396 6792
8397 6794
8398 6796
8399 6798
8400 6800
8401 6802
8402 6804
8403 6806
8404 6808
8405 6810
8406 6812
8407 6814
8408 6816
8409 6818
8410 6820
8411 6822
8412 6824
8413 6826
8414 6828
8415 6830
8416 6832
8417 6834
8418 6836
8419 6838
8420 6840
8421 6842
8422 6844
8423 6846
8424 6848
8425 6850
8426 6852
8427 6854
8428 6856
8429 6858
8430 6860
8431 6862
8432 6864
8433 6866
8434 6868
8435 6870
8436 6872
8437 6874
8438 6876
8439 6878
8440 6880
8441 6882
8442 6884
8443 6886
8444 6888
8445 6890
8446 6892
8447 6894
8448 6896
8449 6898
8450 6900
8451 6902
8452 6904
8453 6906
8454 6908
8455 6910
8456 6912
8457 6914
8458 6916
8459 6918
8460 6920
8461 6922
8462 6924
8463 6926
8464 6928
8465 6930
8466 6932
8467 6934
8468 6936
8469 6938
8470 6940
8471 6942
8472 6944
8473 6946
8474 6948
8475 6950
8476 6952
8477 6954
8478 6956
8479 6958
8480 6960
8481 6962
8482 6964
8483 6966
8484 6968
8485 6970
8486 6972
8487 6974
8488 6976
8489 6978
8490 6980
8491 6982
8492 6984
8493 6986
8494 6988
8495 6990
8496 6992
8497 6994
8498 6996
8499 6998
8500 7000
8501 7002
8502 7004
8503 7006
8504 7008
8505 7010
8506 7012
8507 7014
8508 7016
8509 7018
8510 7020
8511 7022
8512 7024
8513 7026
8514 7028
8515 7030
8516 7032
8517 7034
8518 7036
8519 7038
8520 7040
8521 7042
8522 7044
8523 7046
8524 7048
8525 7050
8526 7052
8527 7054
8528 7056
8529 7058
8530 7060
8531 7062
8532 7064
8533 7066
8534 7068
8535 7070
8536 7072
8537 7074
8538 7076
8539 7078
8540 7080
8541 7082
8542 7084
8543 7086
8544 7088
8545 7090
8546 7092
8547 7094
8548 7096
8549 7098
8550 7100
8551 7102
8552 7104
8553 7106
8554 7108
8555 7110
8556 7112
8557 7114
8558 7116
8559 7118
8560 7120
8561 7122
8562 7124
8563 7126
8564 7128
8565 7130
8566 7132
8567 7134
8568 7136
8569 7138
8570 7140
8571 7142
8572 7144
8573 7146
8574 7148
8575 7150
8576 7152
8577 7154
8578 7156
8579 7158
8580 7160
8581 7162
8582 7164
8583 7166
8584 7168
8585 7170
8586 7172
8587 7174
8588 7176
8589 7178
8590 7180
8591 7182
8592 7184
8593 7186
8594 7188
8595 7190
8596 7192
8597 7194
8598 7196
8599 7198
8600 7200
8601 7202
8602 7204
8603 7206
8604 7208
8605 7210
8606 7212
8607 7214
8608 7216
8609 7218
8610 7220
8611 7222
8612 7224
8613 7226
8614 7228
8615 7230
8616 7232
8617 7234
8618 7236
8619 7238
8620 7240
8621 7242
8622 7244
8623 7246
8624 7248
8625 7250
8626 7252
8627 7254
8628 7256
8629 7258
8630 7260
8631 7262
8632 7264
8633 7266
8634 7268
8635 7270
8636 7272
8637 7274
8638 7276
8639 7278
8640 7280
8641 7282
8642 7284
8643 7286
8644 7288
8645 7290
8646 7292
8647 7294
8648 7296
8649 7298
8650 7300
8651 7302
8652 7304
8653 7306
8654 7308
8655 7310
8656 7312
8657 7314
8658 7316
8659 7318
8660 7320
8661 7322
8662 7324
8663 7326
8664 7328
8665 7330
8666 7332
8667 7334
8668 7336
8669 7338
8670 7340
8671 7342
8672 7344
8673 7346
8674 7348
8675 7350
8676 7352
8677 7354
8678 7356
8679 7358
8680 7360
8681 7362
8682 7364
8683 7366
8684 7368
8685 7370
8686 7372
8687 7374
8688 7376
8689 7378
8690 7380
8691 7382
8692 7384
8693 7386
8694 7388
8695 7390
8696 7392
8697 7394
8698 7396
8699 7398
8700 7400
8701 7402
8702 7404
8703 7406
8704 7408
8705 7410
8706 7412
8707 7414
8708 7416
8709 7418
8710 7420
8711 7422
8712 7424
8713 7426
8714 7428
8715 7430
8716 7432
8717 7434
8718 7436
8719 7438
8720 7440
8721 7442
8722 7444
8723 7446
8724 7448
8725 7450
8726 7452
8727 7454
8728 7456
8729 7458
8730 7460
8731 7462
8732 7464
8733 7466
8734 7468
8735 7470
8736 7472
8737 7474
8738 7476
8739 7478
8740 7480
8741 7482
8742 7484
8743 7486
8744 7488
8745 7490
8746 7492
8747 7494
8748 7496
8749 7498
8750 7500
8751 7502
8752 7504
8753 7506
8754 7508
8755 7510
8756 7512
8757 7514
8758 7516
8759 7518
8760 7520
8761 7522
8762 7524
8763 7526
8764 7528
8765 7530
8766 7532
8767 7534
8768 7536
8769 7538
8770 7540
8771 7542
8772 7544
8773 7546
8774 7548
8775 7550
8776 7552
8777 7554
8778 7556
8779 7558
8780 7560
8781 7562
8782 7564
8783 7566
8784 7568
8785 7570
8786 7572
8787 7574
8788 7576
8789 7578
8790 7580
8791 7582
8792 7584
8793 7586
8794 7588
8795 7590
8796 7592
8797 7594
8798 7596
8799 7598
8800 7600
8801 7602
8802 7604
8803 7606
8804 7608
8805 7610
8806 7612
8807 7614
8808 7616
8809 7618
8810 7620
8811 7622
8812 7624
8813 7626
8814 7628
8815 7630
8816 7632
8817 7634
8818 7636
8819 7638
8820 7640
8821 7642
8822 7644
8823 7646
8824 7648
8825 7650
8826 7652
8827 7654
8828 7656
8829 7658
8830 7660
8831 7662
8832 7664
8833 7666
8834 7668
8835 7670
8836 7672
8837 7674
8838 7676
8839 7678
8840 7680
8841 7682
8842 7684
8843 7686
8844 7688
8845 7690
8846 7692
8847 7694
8848 7696
8849 7698
8850 7700
8851 7702
8852 7704
8853 7706
8854 7708
8855 7710
8856 7712
8857 7714
8858 7716
8859 7718
8860 7720
8861 7722
8862 7724
8863 7726
8864 7728
8865 7730
8866 7732
8867 7734
8868 7736
8869 7738
8870 7740
8871 7742
8872 7744
8873 7746
8874 7748
8875 7750
8876 7752
8877 7754
8878 7756
8879 7758
8880 7760
8881 7762
8882 7764
8883 7766
8884 7768
8885 7770
8886 7772
8887 7774
8888 7776
8889 7778
8890 7780
8891 7782
8892 7784
8893 7786
8894 7788
8895 7790
8896 7792
8897 7794
8898 7796
8899 7798
8900 7800
8901 7802
8902 7804
8903 7806
8904 7808
8905 7810
8906 7812
8907 7814
8908 7816
8909 7818
8910 7820
8911 7822
8912 7824
8913 7826
8914 7828
8915 7830
8916 7832
8917 7834
8918 7836
8919 7838
8920 7840
8921 7842
8922 7844
8923 7846
8924 7848
8925 7850
8926 7852
8927 7854
8928 7856
8929 7858
8930 7860
8931 7862
8932 7864
8933 7866
8934 7868
8935 7870
8936 7872
8937 7874
8938 7876
8939 7878
8940 7880
8941 7882
8942 7884
8943 7886
8944 7888
8945 7890
8946 7892
8947 7894
8948 7896
8949 7898
8950 7900
8951 7902
8952 7904
8953 7906
8954 7908
8955 7910
8956 7912
8957 7914
8958 7916
8959 7918
8960 7920
8961 7922
8962 7924
8963 7926
8964 7928
8965 7930
8966 7932
8967 7934
8968 7936
8969 7938
8970 7940
8971 7942
8972 7944
8973 7946
8974 7948
8975 7950
8976 7952
8977 7954
8978 7956
8979 7958
8980 7960
8981 7962
8982 7964
8983 7966
8984 7968
8985 7970
8986 7972
8987 7974
8988 7976
8989 7978
8990 7980
8991 7982
8992 7984
8993 7986
8994 7988
8995 7990
8996 7992
8997 7994
8998 7996
8999 7998
9000 8000
9001 8002
9002 8004
9003 8006
9004 8008
9005 8010
9006 8012
9007 8014
9008 8016
9009 8018
9010 8020
9011 8022
9012 8024
9013 8026
9014 8028
9015 8030
9016 8032
9017 8034
9018 8036
9019 8038
9020 8040
9021 8042
9022 8044
9023 8046
9024 8048
9025 8050
9026 8052
9027 8054
9028 8056
9029 8058
9030 8060
9031 8062
9032 8064
9033 8066
9034 8068
9035 8070
9036 8072
9037 8074
9038 8076
9039 8078
9040 8080
9041 8082
9042 8084
9043 8086
9044 8088
9045 8090
9046 8092
9047 8094
9048 8096
9049 8098
9050 8100
9051 8102
9052 8104
9053 8106
9054 8108
9055 8110
9056 8112
9057 8114
9058 8116
9059 8118
9060 8120
9061 8122
9062 8124
9063 8126
9064 8128
9065 8130
9066 8132
9067 8134
9068 8136
9069 8138
9070 8140
9071 8142
9072 8144
9073 8146
9074 8148
9075 8150
9076 8152
9077 8154
9078 8156
9079 8158
9080 8160
9081 8162
9082 8164
9083 8166
9084 8168
9085 8170
9086 8172
9087 8174
9088 8176
9089 8178
9090 8180
9091 8182
9092 8184
9093 8186
9094 8188
9095 8190
9096 8192
9097 8194
9098 8196
9099 8198
9100 8200
9101 8202
9102 8204
9103 8206
9104 8208
9105 8210
9106 8212
9107 8214
9108 8216
9109 8218
9110 8220
9111 8222
9112 8224
9113 8226
9114 8228
9115 8230
9116 8232
9117 8234
9118 8236
9119 8238
9120 8240
9121 8242
9122 8244
9123 8246
9124 8248
9125 8250
9126 8252
9127 8254
9128 8256
9129 8258
9130 8260
9131 8262
9132 8264
9133 8266
9134 8268
9135 8270
9136 8272
9137 8274
9138 8276
9139 8278
9140 8280
9141 8282
9142 8284
9143 8286
9144 8288
9145 8290
9146 8292
9147 8294
9148 8296
9149 8298
9150 8300
9151 8302
9152 8304
9153 8306
9154 8308
9155 8310
9156 8312
9157 8314
9158 8316
9159 8318
9160 8320
9161 8322
9162 8324
9163 8326
9164 8328
9165 8330
9166 8332
9167 8334
9168 8336
9169 8338
9170 8340
9171 8342
9172 8344
9173 8346
9174 8348
9175 8350
9176 8352
9177 8354
9178 8356
9179 8358
9180 8360
9181 8362
9182 8364
9183 8366
9184 8368
9185 8370
9186 8372
9187 8374
9188 8376
9189 8378
9190 8380
9191 8382
9192 8384
9193 8386
9194 8388
9195 8390
9196 8392
9197 8394
9198 8396
9199 8398
9200 8400
9201 8402
9202 8404
9203 8406
9204 8408
9205 8410
9206 8412
9207 8414
9208 8416
9209 8418
9210 8420
9211 8422
9212 8424
9213 8426
9214 8428
9215 8430
9216 8432
9217 8434
9218 8436
9219 8438
9220 8440
9221 8442
9222 8444
9223 8446
9224 8448
9225 8450
9226 8452
9227 8454
9228 8456
9229 8458
9230 8460
9231 8462
9232 8464
9233 8466
9234 8468
9235 8470
9236 8472
9237 8474
9238 8476
9239 8478
9240 8480
9241 8482
9242 8484
9243 8486
9244 8488
9245 8490
9246 8492
9247 8494
9248 8496
9249 8498
9250 8500
9251 8502
9252 8504
9253 8506
9254 8508
9255 8510
9256 8512
9257 8514
9258 8516
9259 8518
9260 8520
9261 8522
9262 8524
9263 8526
9264 8528
9265 8530
9266 8532
9267 8534
9268 8536
9269 8538
9270 8540
9271 8542
9272 8544
9273 8546
9274 8548
9275 8550
9276 8552
9277 8554
9278 8556
9279 8558
9280 8560
9281 8562
9282 8564
9283 8566
9284 8568
9285 8570
9286 8572
9287 8574
9288 8576
9289 8578
9290 8580
9291 8582
9292 8584
9293 8586
9294 8588
9295 8590
9296 8592
9297 8594
9298 8596
9299 8598
9300 8600
9301 8602
9302 8604
9303 8606
9304 8608
9305 8610
9306 8612
9307 8614
9308 8616
9309 8618
9310 8620
9311 8622
9312 8624
9313 8626
9314 8628
9315 8630
9316 8632
9317 8634
9318 8636
9319 8638
9320 8640
9321 8642
9322 8644
9323 8646
9324 8648
9325 8650
9326 8652
9327 8654
9328 8656
9329 8658
9330 8660
9331 8662
9332 8664
9333 8666
9334 8668
9335 8670
9336 8672
9337 8674
9338 8676
9339 8678
9340 8680
9341 8682
9342 8684
9343 8686
9344 8688
9345 8690
9346 8692
9347 8694
9348 8696
9349 8698
9350 8700
9351 8702
9352 8704
9353 8706
9354 8708
9355 8710
9356 8712
9357 8714
9358 8716
9359 8718
9360 8720
9361 8722
9362 8724
9363 8726
9364 8728
9365 8730
9366 8732
9367 8734
9368 8736
9369 8738
9370 8740
9371 8742
9372 8744
9373 8746
9374 8748
9375 8750
9376 8752
9377 8754
9378 8756
9379 8758
9380 8760
9381 8762
9382 8764
9383 8766
9384 8768
9385 8770
9386 8772
9387 8774
9388 8776
9389 8778
9390 8780
9391 8782
9392 8784
9393 8786
9394 8788
9395 8790
9396 8792
9397 8794
9398 8796
9399 8798
9400 8800
9401 8802
9402 8804
9403 8806
9404 8808
9405 8810
9406 8812
9407 8814
9408 8816
9409 8818
9410 8820
9411 8822
9412 8824
9413 8826
9414 8828
9415 8830
9416 8832
9417 8834
9418 8836
9419 8838
9420 8840
9421 8842
9422 8844
9423 8846
9424 8848
9425 8850
9426 8852
9427 8854
9428 8856
9429 8858
9430 8860
9431 8862
9432 8864
9433 8866
9434 8868
9435 8870
9436 8872
9437 8874
9438 8876
9439 8878
9440 8880
9441 8882
9442 8884
9443 8886
9444 8888
9445 8890
9446 8892
9447 8894
9448 8896
9449 8898
9450 8900
9451 8902
9452 8904
9453 8906
9454 8908
9455 8910
9456 8912
9457 8914
9458 8916
9459 8918
9460 8920
9461 8922
9462 8924
9463 8926
9464 8928
9465 8930
9466 8932
9467 8934
9468 8936
9469 8938
9470 8940
9471 8942
9472 8944
9473 8946
9474 8948
9475 8950
9476 8952
9477 8954
9478 8956
9479 8958
9480 8960
9481 8962
9482 8964
9483 8966
9484 8968
9485 8970
9486 8972
9487 8974
9488 8976
9489 8978
9490 8980
9491 8982
9492 8984
9493 8986
9494 8988
9495 8990
9496 8992
9497 8994
9498 8996
9499 8998
9500 9000
9501 9002
9502 9004
9503 9006
9504 9008
9505 9010
9506 9012
9507 9014
9508 9016
9509 9018
9510 9020
9511 9022
9512 9024
9513 9026
9514 9028
9515 9030
9516 9032
9517 9034
9518 9036
9519 9038
9520 9040
9521 9042
9522 9044
9523 9046
9524 9048
9525 9050
9526 9052
9527 9054
9528 9056
9529 9058
9530 9060
9531 9062
9532 9064
9533 9066
9534 9068
9535 9070
9536 9072
9537 9074
9538 9076
9539 9078
9540 9080
9541 9082
9542 9084
9543 9086
9544 9088
9545 9090
9546 9092
9547 9094
9548 9096
9549 9098
9550 9100
9551 9102
9552 9104
9553 9106
9554 9108
9555 9110
9556 9112
9557 9114
9558 9116
9559 9118
9560 9120
9561 9122
9562 9124
9563 9126
9564 9128
9565 9130
9566 9132
9567 9134
9568 9136
9569 9138
9570 9140
9571 9142
9572 9144
9573 9146
9574 9148
9575 9150
9576 9152
9577 9154
9578 9156
9579 9158
9580 9160
9581 9162
9582 9164
9583 9166
9584 9168
9585 9170
9586 9172
9587 9174
9588 9176
9589 9178
9590 9180
9591 9182
9592 9184
9593 9186
9594 9188
9595 9190
9596 9192
9597 9194
9598 9196
9599 9198
9600 9200
9601 9202
9602 9204
9603 9206
9604 9208
9605 9210
9606 9212
9607 9214
9608 9216
9609 9218
9610 9220
9611 9222
9612 9224
9613 9226
9614 9228
9615 9230
9616 9232
9617 9234
9618 9236
9619 9238
9620 9240
9621 9242
9622 9244
9623 9246
9624 9248
9625 9250
9626 9252
9627 9254
9628 9256
9629 9258
9630 9260
9631 9262
9632 9264
9633 9266
9634 9268
9635 9270
9636 9272
9637 9274
9638 9276
9639 9278
9640 9280
9641 9282
9642 9284
9643 9286
9644 9288
9645 9290
9646 9292
9647 9294
9648 9296
9649 9298
9650 9300
9651 9302
9652 9304
9653 9306
9654 9308
9655 9310
9656 9312
9657 9314
9658 9316
9659 9318
9660 9320
9661 9322
9662 9324
9663 9326
9664 9328
9665 9330
9666 9332
9667 9334
9668 9336
9669 9338
9670 9340
9671 9342
9672 9344
9673 9346
9674 9348
9675 9350
9676 9352
9677 9354
9678 9356
9679 9358
9680 9360
9681 9362
9682 9364
9683 9366
9684 9368
9685 9370
9686 9372
9687 9374
9688 9376
9689 9378
9690 9380
9691 9382
9692 9384
9693 9386
9694 9388
9695 9390
9696 9392
9697 9394
9698 9396
9699 9398
9700 9400
9701 9402
9702 9404
9703 9406
9704 9408
9705 9410
9706 9412
9707 9414
9708 9416
9709 9418
9710 9420
9711 9422
9712 9424
9713 9426
9714 9428
9715 9430
9716 9432
9717 9434
9718 9436
9719 9438
9720 9440
9721 9442
9722 9444
9723 9446
9724 9448
9725 9450
9726 9452
9727 9454
9728 9456
9729 9458
9730 9460
9731 9462
9732 9464
9733 9466
9734 9468
9735 9470
9736 9472
9737 9474
9738 9476
9739 9478
9740 9480
9741 9482
9742 9484
9743 9486
9744 9488
9745 9490
9746 9492
9747 9494
9748 9496
9749 9498
9750 9500
9751 9502
9752 9504
9753 9506
9754 9508
9755 9510
9756 9512
9757 9514
9758 9516
9759 9518
9760 9520
9761 9522
9762 9524
9763 9526
9764 9528
9765 9530
9766 9532
9767 9534
9768 9536
9769 9538
9770 9540
9771 9542
9772 9544
9773 9546
9774 9548
9775 9550
9776 9552
9777 9554
9778 9556
9779 9558
9780 9560
9781 9562
9782 9564
9783 9566
9784 9568
9785 9570
9786 9572
9787 9574
9788 9576
9789 9578
9790 9580
9791 9582
9792 9584
9793 9586
9794 9588
9795 9590
9796 9592
9797 9594
9798 9596
9799 9598
9800 9600
9801 9602
9802 9604
9803 9606
9804 9608
9805 9610
9806 9612
9807 9614
9808 9616
9809 9618
9810 9620
9811 9622
9812 9624
9813 9626
9814 9628
9815 9630
9816 9632
9817 9634
9818 9636
9819 9638
9820 9640
9821 9642
9822 9644
9823 9646
9824 9648
9825 9650
9826 9652
9827 9654
9828 9656
9829 9658
9830 9660
9831 9662
9832 9664
9833 9666
9834 9668
9835 9670
9836 9672
9837 9674
9838 9676
9839 9678
9840 9680
9841 9682
9842 9684
9843 9686
9844 9688
9845 9690
9846 9692
9847 9694
9848 9696
9849 9698
9850 9700
9851 9702
9852 9704
9853 9706
9854 9708
9855 9710
9856 9712
9857 9714
9858 9716
9859 9718
9860 9720
9861 9722
9862 9724
9863 9726
9864 9728
9865 9730
9866 9732
9867 9734
9868 9736
9869 9738
9870 9740
9871 9742
9872 9744
9873 9746
9874 9748
9875 9750
9876 9752
9877 9754
9878 9756
9879 9758
9880 9760
9881 9762
9882 9764
9883 9766
9884 9768
9885 9770
9886 9772
9887 9774
9888 9776
9889 9778
9890 9780
9891 9782
9892 9784
9893 9786
9894 9788
9895 9790
9896 9792
9897 9794
9898 9796
9899 9798
9900 9800
9901 9802
9902 9804
9903 9806
9904 9808
9905 9810
9906 9812
9907 9814
9908 9816
9909 9818
9910 9820
9911 9822
9912 9824
9913 9826
9914 9828
9915 9830
9916 9832
9917 9834
9918 9836
9919 9838
9920 9840
9921 9842
9922 9844
9923 9846
9924 9848
9925 9850
9926 9852
9927 9854
9928 9856
9929 9858
9930 9860
9931 9862
9932 9864
9933 9866
9934 9868
9935 9870
9936 9872
9937 9874
9938 9876
9939 9878
9940 9880
9941 9882
9942 9884
9943 9886
9944 9888
9945 9890
9946 9892
9947 9894
9948 9896
9949 9898
9950 9900
9951 9902
9952 9904
9953 9906
9954 9908
9955 9910
9956 9912
9957 9914
9958 9916
9959 9918
9960 9920
9961 9922
9962 9924
9963 9926
9964 9928
9965 9930
9966 9932
9967 9934
9968 9936
9969 9938
9970 9940
9971 9942
9972 9944
9973 9946
9974 9948
9975 9950
9976 9952
9977 9954
9978 9956
9979 9958
9980 9960
9981 9962
9982 9964
9983 9966
9984 9968
9985 9970
9986 9972
9987 9974
9988 9976
9989 9978
9990 9980
9991 9982
9992 9984
9993 9986
9994 9988
9995 9990
9996 9992
9997 9994
9998 9996
9999 9998
10000 80000