0 2
1 4
2 2
3 4
4 3
5 3
6 2
7 4
8 3
9 4
10 4
11 9
12 6
13 6
14 9
15 5
16 11
17 12
18 10
19 7
20 2
21 13
22 8
23 5
24 5
25 4
26 5
27 5
28 8
29 13
30 4
31 7
32 10
33 12
34 11
35 5
36 9
37 6
38 6
39 9
40 3
41 11
42 12
43 10
44 7
45 5
46 4
47 3
48 4
49 3
50 3
51 3
52 4
53 3
54 4
55 5
56 7
57 10
58 12
59 11
60 2
61 9
62 6
63 6
64 9
65 5
66 11
67 12
68 10
69 7
70 4
71 13
72 8
73 5
74 5
75 4
76 5
77 5
78 8
79 13
80 3
81 7
82 10
83 12
84 11
85 5
86 9
87 6
88 6
89 9
90 4
91 11
92 12
93 10
94 7
95 5
96 13
97 8
98 14
99 15
100 4